DUPLICATE: Wna1:ZZBJ,6,2,0,3,1,7340,0,0,0,0,0,3,26055,-11600000,-13100000,125000,0,0,2,55564,-9500000,-13100000,1150000,0,0
RECV: EuTM:ZZBJ,8,1,0,1,1,9876,0,0,0,0,0
SEND: r3zP:ZZBJ,8,3,0,2,1,9876,0,0,0,0,0,3,28591,-11600000,-13000000,-100000,0,0
DUPLICATE: eCQ8:ZZBJ,8,2,0,3,1,9876,0,0,0,0,0,3,28591,-11600000,-13000000,-100000,0,0,2,58100,-9500000,-13000000,1125000,0,0
RECV: VgbQ:ZZBJ,10,1,0,1,1,12412,0,0,0,0,0
SEND: oL6o:ZZBJ,10,3,0,2,1,12412,0,0,0,0,0,3,31127,-11700000,-13000000,-25000,0,0
DUPLICATE: OqJg:ZZBJ,10,2,0,3,1,12412,0,0,0,0,0,3,31127,-11700000,-13000000,-25000,0,0,2,60636,-9600000,-13100000,1125000,0,0
RECV: JrRh:ZZBJ,12,1,0,1,1,14948,0,0,0,0,0
SEND: IQcq:ZZBJ,12,3,0,2,1,14948,0,0,0,0,0,3,33663,-11800000,-13100000,100000,0,0
DUPLICATE: IFZf:ZZBJ,12,2,0,3,1,14948,0,0,0,0,0,3,33663,-11800000,-13100000,100000,0,0,2,63172,-9600000,-13000000,1100000,0,0
RECV: hPyR:ZZBJ,14,1,0,1,1,17484,0,0,0,0,0
SEND: tkns:ZZBJ,14,3,0,2,1,17484,0,0,0,0,0,3,36199,-11700000,-13200000,25000,0,0
DUPLICATE: A5Xf:ZZBJ,14,2,0,3,1,17484,0,0,0,0,0,3,36199,-11700000,-13200000,25000,0,0,2,65708,-9500000,-13400000,1125000,0,0
RECV: VnfQ:ZZBJ,16,1,0,1,1,20020,0,0,0,0,0
SEND: QC2w:ZZBJ,16,3,0,2,1,20020,0,0,0,0,0,3,38735,-11700000,-12000000,25000,0,0
DUPLICATE: mptE:ZZBJ,16,2,0,3,1,20020,0,0,0,0,0,3,38735,-11700000,-12000000,25000,0,0,2,68244,-9500000,-13100000,1150000,0,0
RECV: buaD:ZZBJ,18,1,0,1,1,22556,0,0,0,0,0
SEND: JaGg:ZZBJ,18,3,0,2,1,22556,0,0,0,0,0,3,41271,-11700000,-12000000,50000,0,0
DUPLICATE: dfwg:ZZBJ,18,2,0,3,1,22556,0,0,0,0,0,3,41271,-11700000,-12000000,50000,0,0,2,70780,-9700000,-13000000,1050000,0,0
RECV: cTOD:ZZBJ,20,1,0,1,1,25092,0,0,0,0,0
SEND: eSXs:ZZBJ,20,3,0,2,1,25092,0,0,0,0,0,3,43807,-11700000,-13100000,75000,0,0
DUPLICATE: aBi2:ZZBJ,20,2,0,3,1,25092,0,0,0,0,0,3,43807,-11700000,-13100000,75000,0,0,2,73316,-9500000,-11100000,1150000,0,0
RECV: 54tl:ZZBJ,22,1,0,1,1,27628,0,0,0,0,0
SEND: hUbE:ZZBJ,22,3,0,2,1,27628,0,0,0,0,0,3,46343,-11600000,-13100000,-150000,0,0
DUPLICATE: tzMy:ZZBJ,22,2,0,3,1,27628,0,0,0,0,0,3,46343,-11600000,-13100000,-150000,0,0,2,75852,-9600000,-13100000,1150000,0,0
RECV: YH4I:ZZBJ,24,1,0,1,1,30164,0,0,0,0,0
SEND: hQGK:ZZBJ,24,3,0,2,1,30164,0,0,0,0,0,3,48879,-11700000,-13000000,125000,0,0
DUPLICATE: mOoh:ZZBJ,24,2,0,3,1,30164,0,0,0,0,0,3,48879,-11700000,-13000000,125000,0,0,2,78388,-9700000,-11100000,1025000,0,0
RECV: 4TJD:ZZBJ,26,1,0,1,1,32700,0,0,0,0,0
SEND: TESV:ZZBJ,26,3,0,2,1,32700,0,0,0,0,0,3,51415,-11700000,-13200000,-50000,0,0
DUPLICATE: AISt:ZZBJ,26,2,0,3,1,32700,0,0,0,0,0,3,51415,-11700000,-13200000,-50000,0,0,2,80924,-9800000,-13200000,1075000,0,0
RECV: 59Qn:ZZBJ,28,1,0,1,1,35236,0,0,0,0,0
SEND: ykX3:ZZBJ,28,3,0,2,1,35236,0,0,0,0,0,3,53951,-11700000,-13200000,25000,0,0
DUPLICATE: RuLT:ZZBJ,28,2,0,3,1,35236,0,0,0,0,0,3,53951,-11700000,-13200000,25000,0,0,2,83460,-9800000,-13100000,1025000,0,0
RECV: Z8QD:ZZBJ,30,1,0,1,1,37772,0,0,0,0,0
SEND: 5jEk:ZZBJ,30,3,0,2,1,37772,0,0,0,0,0,3,56487,-11600000,-13100000,-150000,0,0
DUPLICATE: ZLrK:ZZBJ,30,2,0,3,1,37772,0,0,0,0,0,3,56487,-11600000,-13100000,-150000,0,0,2,85996,-10700000,-13200000,250000,0,0
RECV: wT1j:ZZBJ,32,1,0,1,1,40308,0,0,0,0,0
SEND: VZwv:ZZBJ,32,3,0,2,1,40308,0,0,0,0,0,3,59023,-11600000,-13200000,-375000,0,0
DUPLICATE: RanP:ZZBJ,32,2,0,3,1,40308,0,0,0,0,0,3,59023,-11600000,-13200000,-375000,0,0,2,88532,-9300000,-13200000,1175000,0,0
CORRUPT: LreF:ZZBJ,34,1,0,1,1,42844,0,0$8,0,0
RECV: iTyt:ZZBJ,35,1,0,1,1,44112,0,0,0,0,0
SEND: 3WXe:ZZBJ,35,3,0,2,1,44112,0,0,0,0,0,3,62827,-11600000,-13100000,-550000,0,0
DUPLICATE: 6w70:ZZBJ,35,2,0,3,1,44112,0,0,0,0,0,3,62827,-11600000,-13100000,-550000,0,0,2,92336,-9600000,-13100000,1025000,0,0
RECV: qxHx:ZZBJ,37,1,0,1,1,46648,0,0,0,0,0
SEND: XgGN:ZZBJ,37,3,0,2,1,46648,0,0,0,0,0,3,65363,-11700000,-13100000,-500000,0,0
DUPLICATE: 6yC6:ZZBJ,37,2,0,3,1,46648,0,0,0,0,0,3,65363,-11700000,-13100000,-500000,0,0,2,94872,-10100000,-11400000,975000,0,0
RECV: Md5a:ZZBJ,39,1,0,1,1,49184,0,0,0,0,0
SEND: ich1:ZZBJ,39,3,0,2,1,49184,0,0,0,0,0,3,67899,-11700000,-13000000,-175000,0,0
DUPLICATE: v0GG:ZZBJ,39,2,0,3,1,49184,0,0,0,0,0,3,67899,-11700000,-13000000,-175000,0,0,2,97408,-10000000,-13000000,925000,0,0
RECV: Gz8W:ZZBJ,41,1,0,1,1,51720,0,0,0,0,0
SEND: 9EHS:ZZBJ,41,3,0,2,1,51720,0,0,0,0,0,3,70435,-11700000,-13200000,-275000,0,0
DUPLICATE: pEI6:ZZBJ,41,2,0,3,1,51720,0,0,0,0,0,3,70435,-11700000,-13200000,-275000,0,0,2,99944,-10200000,-13200000,800000,0,0
RECV: j2Qt:ZZBJ,43,1,0,1,1,54256,0,0,0,0,0
SEND: 4Ync:ZZBJ,43,3,0,2,1,54256,0,0,0,0,0,3,72971,-11600000,-13100000,-175000,0,0
DUPLICATE: tcUB:ZZBJ,43,2,0,3,1,54256,0,0,0,0,0,3,72971,-11600000,-13100000,-175000,0,0,2,102480,-10000000,-13100000,1025000,0,0
RECV: 497K:ZZBJ,45,1,0,1,1,56792,0,0,0,0,0
SEND: PgE1:ZZBJ,45,3,0,2,1,56792,0,0,0,0,0,3,75507,-11600000,-13100000,-175000,0,0
DUPLICATE: b8g6:ZZBJ,45,2,0,3,1,56792,0,0,0,0,0,3,75507,-11600000,-13100000,-175000,0,0,2,105016,-9300000,-11400000,1200000,0,0
RECV: mIYF:ZZBJ,47,1,0,1,1,59328,0,0,0,0,0
SEND: h0TS:ZZBJ,47,3,0,2,1,59328,0,0,0,0,0,3,78043,-11700000,-13000000,-500000,0,0
DUPLICATE: bPXr:ZZBJ,47,2,0,3,1,59328,0,0,0,0,0,3,78043,-11700000,-13000000,-500000,0,0,2,107552,-9200000,-13300000,1225000,0,0
RECV: EUC0:ZZBJ,49,1,0,1,1,61864,0,0,0,0,0
SEND: V9Jt:ZZBJ,49,3,0,2,1,61864,0,0,0,0,0,3,80579,-11500000,-13300000,-575000,0,0
DUPLICATE: mozs:ZZBJ,49,2,0,3,1,61864,0,0,0,0,0,3,80579,-11500000,-13300000,-575000,0,0,2,110088,-9600000,-11000000,1100000,0,0
RECV: wnGj:ZZBJ,51,1,0,1,1,64400,0,0,0,0,0
SEND: yZGh:ZZBJ,51,3,0,2,1,64400,0,0,0,0,0,3,83115,-11700000,-13100000,-175000,0,0
DUPLICATE: moGM:ZZBJ,51,2,0,3,1,64400,0,0,0,0,0,3,83115,-11700000,-13100000,-175000,0,0,2,112624,-9600000,-13100000,1025000,0,0
RECV: QtUW:ZZBJ,53,1,0,1,1,66936,0,0,0,0,0
SEND: hVt1:ZZBJ,53,3,0,2,1,66936,0,0,0,0,0,3,85650,-11600000,-11800000,-525000,0,0
DUPLICATE: mmRQ:ZZBJ,53,2,0,3,1,66936,0,0,0,0,0,3,85650,-11600000,-11800000,-525000,0,0,2,115160,-9300000,-11100000,1175000,0,0
RECV: cnw2:ZZBJ,55,1,0,1,1,69472,0,0,0,0,0
SEND: bGsq:ZZBJ,55,3,0,2,1,69472,0,0,0,0,0,3,88187,-11700000,-13100000,-275000,0,0
DUPLICATE: VxHh:ZZBJ,55,2,0,3,1,69472,0,0,0,0,0,3,88187,-11700000,-13100000,-275000,0,0,2,117696,-9700000,-13000000,1100000,0,0
RECV: D4SN:ZZBJ,57,1,0,1,1,72008,0,0,0,0,0
SEND: kvQb:ZZBJ,57,3,0,2,1,72008,0,0,0,0,0,3,90722,-11800000,-13200000,-325000,0,0
DUPLICATE: ri7M:ZZBJ,57,2,0,3,1,72008,0,0,0,0,0,3,90722,-11800000,-13200000,-325000,0,0,2,120232,-9900000,-13000000,1000000,0,0
RECV: 8xzt:ZZBJ,59,1,0,1,1,74544,0,0,0,0,0
SEND: elpi:ZZBJ,59,3,0,2,1,74544,0,0,0,0,0,3,93259,-11600000,-13200000,-300000,0,0
DUPLICATE: OvNU:ZZBJ,59,2,0,3,1,74544,0,0,0,0,0,3,93259,-11600000,-13200000,-300000,0,0,2,122768,-10300000,-13100000,700000,0,0
RECV: 7cKH:ZZBJ,61,1,0,1,1,77080,0,0,0,0,0
SEND: jnpo:ZZBJ,61,3,0,2,1,77080,0,0,0,0,0,3,95794,-11700000,-13000000,-125000,0,0
DUPLICATE: FJJN:ZZBJ,61,2,0,3,1,77080,0,0,0,0,0,3,95794,-11700000,-13000000,-125000,0,0,2,125304,-10100000,-13100000,925000,0,0
RECV: K4Nk:ZZBJ,63,1,0,1,1,79616,0,0,0,0,0
SEND: sh1F:ZZBJ,63,3,0,2,1,79616,0,0,0,0,0,3,98330,-11800000,-13100000,-225000,0,0
DUPLICATE: dCve:ZZBJ,63,2,0,3,1,79616,0,0,0,0,0,3,98330,-11800000,-13100000,-225000,0,0,2,127840,-9600000,-13300000,1075000,0,0
RECV: Hsve:ZZBJ,65,1,0,1,1,82152,0,0,0,0,0
SEND: KvtH:ZZBJ,65,3,0,2,1,82152,0,0,0,0,0,3,100866,-11800000,-13200000,-450000,0,0
DUPLICATE: PXoP:ZZBJ,65,2,0,3,1,82152,0,0,0,0,0,3,100866,-11800000,-13200000,-450000,0,0,2,130396,-9200000,-13200000,1175000,0,0
RECV: f0pL:ZZBJ,67,1,0,1,1,84688,0,0,0,0,0
SEND: sRi8:ZZBJ,67,3,0,2,1,84688,0,0,0,0,0,3,103402,-11700000,-13100000,-75000,0,0
DUPLICATE: hzBx:ZZBJ,67,2,0,3,1,84688,0,0,0,0,0,3,103402,-11700000,-13100000,-75000,0,0,2,132912,-9300000,-13300000,1175000,0,0
RECV: kKfO:ZZBJ,69,1,0,1,1,87224,0,0,0,0,0
SEND: E4jp:ZZBJ,69,3,0,2,1,87224,0,0,0,0,0,3,105938,-11800000,-13200000,0,0,0
DUPLICATE: XrAs:ZZBJ,69,2,0,3,1,87224,0,0,0,0,0,3,105938,-11800000,-13200000,0,0,0,2,135427,-9400000,-11100000,1150000,0,0
RECV: OWoN:ZZBJ,71,1,0,1,1,89760,0,0,0,0,0
SEND: jAAD:ZZBJ,71,3,0,2,1,89760,0,0,0,0,0,3,108474,-11800000,-13100000,-300000,0,0
DUPLICATE: 2mvX:ZZBJ,71,2,0,3,1,89760,0,0,0,0,0,3,108474,-11800000,-13100000,-300000,0,0,2,138004,-9900000,-13000000,975000,0,0
RECV: U55w:ZZBJ,73,1,0,1,1,92296,0,0,0,0,0
SEND: kXjo:ZZBJ,73,3,0,2,1,92296,0,0,0,0,0,3,111010,-11900000,-13200000,-200000,0,0
DUPLICATE: p7kY:ZZBJ,73,2,0,3,1,92296,0,0,0,0,0,3,111010,-11900000,-13200000,-200000,0,0,2,140540,-9500000,-13000000,1150000,0,0
RECV: Anku:ZZBJ,75,1,0,1,1,94832,0,0,0,0,0
SEND: oyQg:ZZBJ,75,3,0,2,1,94832,0,0,0,0,0,3,113546,-11600000,-13200000,-300000,0,0
DUPLICATE: 8Yge:ZZBJ,75,2,0,3,1,94832,0,0,0,0,0,3,113546,-11600000,-13200000,-300000,0,0,2,143076,-10000000,-13200000,950000,0,0
RECV: PoWl:ZZBJ,77,1,0,1,1,97368,0,0,0,0,0
SEND: ungK:ZZBJ,77,3,0,2,1,97368,0,0,0,0,0,3,116082,-11800000,-13000000,-475000,0,0
DUPLICATE: npVt:ZZBJ,77,2,0,3,1,97368,0,0,0,0,0,3,116082,-11800000,-13000000,-475000,0,0,2,145612,-9500000,-13100000,1150000,0,0
RECV: lLh5:ZZBJ,79,1,0,1,1,99904,0,0,0,0,0
SEND: bvHx:ZZBJ,79,3,0,2,1,99904,0,0,0,0,0,3,118618,-11600000,-13100000,-175000,0,0
DUPLICATE: yoZH:ZZBJ,79,2,0,3,1,99904,0,0,0,0,0,3,118618,-11600000,-13100000,-175000,0,0,2,148148,-9800000,-13100000,1075000,0,0
RECV: kcjU:ZZBJ,81,1,0,1,1,102460,0,0,0,0,0
SEND: JFDH:ZZBJ,81,3,0,2,1,102460,0,0,0,0,0,3,121195,-11800000,-13200000,-175000,0,0
DUPLICATE: 9rtB:ZZBJ,81,2,0,3,1,102460,0,0,0,0,0,3,121195,-11800000,-13200000,-175000,0,0,2,150725,-9500000,-11400000,1175000,0,0
RECV: wzan:ZZBJ,83,1,0,1,1,105036,0,0,0,0,0
SEND: A1MG:ZZBJ,83,3,0,2,1,105036,0,0,0,0,0,3,123771,-11800000,-13100000,-100000,0,0
DUPLICATE: OrI5:ZZBJ,83,2,0,3,1,105036,0,0,0,0,0,3,123771,-11800000,-13100000,-100000,0,0,2,153301,-9400000,-13000000,1175000,0,0
RECV: 2mSs:ZZBJ,85,1,0,1,1,107612,0,0,0,0,0
SEND: 1jEe:ZZBJ,85,3,0,2,1,107612,0,0,0,0,0,3,126347,-11700000,-13100000,-25000,0,0
