DUPLICATE: vVMu:ZZBN,4,2,0,3,1,4681,0,0,0,0,0,3,28347,-11400000,-11200000,-700000,0,0,2,45292,-10400000,-12200000,-100000,0,0
RECV: nhrs:ZZBN,5,1,0,1,1,5908,0,0,0,-3197771,11581594
SEND: pkPD:ZZBN,5,3,0,2,1,5908,0,0,0,-3197771,11581594,3,29636,-11100000,-12400000,-900000,0,0
DUPLICATE: 3iED:ZZBN,5,2,0,3,1,5908,0,0,0,-3197771,11581594,3,29636,-11100000,-12400000,-900000,0,0,2,46654,-10000000,-11900000,450000,0,0
RECV: NoSY:ZZBN,7,1,0,1,1,8486,0,0,0,-3197777,11581604
SEND: 96Hq:ZZBN,7,3,0,2,1,8486,0,0,0,-3197777,11581604,3,32214,-11300000,-12200000,-1125000,0,0
DUPLICATE: tDDV:ZZBN,7,2,0,3,1,8486,0,0,0,-3197777,11581604,3,32214,-11300000,-12200000,-1125000,0,0,2,49232,-9700000,-12200000,775000,0,0
RECV: vwyO:ZZBN,9,1,0,1,1,11064,0,0,0,-3197776,11581605
SEND: Lnf9:ZZBN,9,3,0,2,1,11064,0,0,0,-3197776,11581605,3,34792,-11300000,-12300000,-900000,0,0
DUPLICATE: SIhb:ZZBN,9,2,0,3,1,11064,0,0,0,-3197776,11581605,3,34792,-11300000,-12300000,-900000,0,0,2,51810,-9600000,-12200000,750000,0,0
RECV: xIVI:ZZBN,11,1,0,1,1,13642,0,0,0,-3197774,11581604
SEND: jI4T:ZZBN,11,3,0,2,1,13642,0,0,0,-3197774,11581604,3,37371,-11300000,-12400000,-800000,0,0
DUPLICATE: MYB3:ZZBN,11,2,0,3,1,13642,0,0,0,-3197774,11581604,3,37371,-11300000,-12400000,-800000,0,0,2,54388,-9700000,-12200000,675000,0,0
RECV: YiFo:ZZBN,13,1,0,1,1,16220,0,0,0,-3197773,11581605
SEND: s5jZ:ZZBN,13,3,0,2,1,16220,0,0,0,-3197773,11581605,3,39949,-11300000,-12300000,-675000,0,0
DUPLICATE: Tdai:ZZBN,13,2,0,3,1,16220,0,0,0,-3197773,11581605,3,39949,-11300000,-12300000,-675000,0,0,2,56966,-10000000,-10600000,450000,0,0
RECV: awFr:ZZBN,15,1,0,1,1,18798,0,0,0,-3197776,11581604
SEND: dHfE:ZZBN,15,3,0,2,1,18798,0,0,0,-3197776,11581604,3,42527,-11300000,-12300000,-650000,0,0
DUPLICATE: mkz1:ZZBN,15,2,0,3,1,18798,0,0,0,-3197776,11581604,3,42527,-11300000,-12300000,-650000,0,0,2,59544,-9800000,-10200000,675000,0,0
RECV: XUYI:ZZBN,17,1,0,1,1,21376,0,0,0,-3197777,11581604
SEND: j9Xl:ZZBN,17,3,0,2,1,21376,0,0,0,-3197777,11581604,3,45105,-11000000,-12300000,-800000,0,0
DUPLICATE: aXxZ:ZZBN,17,2,0,3,1,21376,0,0,0,-3197777,11581604,3,45105,-11000000,-12300000,-800000,0,0,2,62122,-9200000,-10300000,1125000,0,0
RECV: xCIJ:ZZBN,19,1,0,1,1,23954,0,0,0,-3197777,11581604
SEND: uK3P:ZZBN,19,3,0,2,1,23954,0,0,0,-3197777,11581604,3,47682,-11400000,-12200000,-750000,0,0
DUPLICATE: bYkD:ZZBN,19,2,0,3,1,23954,0,0,0,-3197777,11581604,3,47682,-11400000,-12200000,-750000,0,0,2,64700,-9400000,-12200000,875000,0,0
RECV: pjhH:ZZBN,21,1,0,1,1,26532,0,0,0,-3197777,11581604
SEND: S1ht:ZZBN,21,3,0,2,1,26532,0,0,0,-3197777,11581604,3,50261,-11200000,-12300000,-925000,0,0
DUPLICATE: YADl:ZZBN,21,2,0,3,1,26532,0,0,0,-3197777,11581604,3,50261,-11200000,-12300000,-925000,0,0,2,67278,-9500000,-12200000,700000,0,0
RECV: U5iy:ZZBN,23,1,0,1,1,29110,0,0,0,-3197777,11581604
SEND: rQW0:ZZBN,23,3,0,2,1,29110,0,0,0,-3197777,11581604,3,52838,-11400000,-12900000,-675000,0,0
DUPLICATE: K4XC:ZZBN,23,2,0,3,1,29110,0,0,0,-3197777,11581604,3,52838,-11400000,-12900000,-675000,0,0,2,69856,-9500000,-12100000,850000,0,0
RECV: BZBs:ZZBN,25,1,0,1,1,31688,0,0,0,-3197777,11581604
SEND: zfvN:ZZBN,25,3,0,2,1,31688,0,0,0,-3197777,11581604,3,55416,-11200000,-10000000,-775000,0,0
DUPLICATE: jfy6:ZZBN,25,2,0,3,1,31688,0,0,0,-3197777,11581604,3,55416,-11200000,-10000000,-775000,0,0,2,72434,-9500000,-10100000,725000,0,0
RECV: erJM:ZZBN,27,1,0,1,1,34266,0,0,0,-3197777,11581604
SEND: Nmh3:ZZBN,27,3,0,2,1,34266,0,0,0,-3197777,11581604,3,57994,-11400000,-11400000,-800000,0,0
DUPLICATE: c8wu:ZZBN,27,2,0,3,1,34266,0,0,0,-3197777,11581604,3,57994,-11400000,-11400000,-800000,0,0,2,75012,-9300000,-12200000,900000,0,0
RECV: GIUj:ZZBN,29,1,0,1,1,36844,0,0,0,-3197777,11581604
SEND: FgSE:ZZBN,29,3,0,2,1,36844,0,0,0,-3197777,11581604,3,60572,-11300000,-12200000,-950000,0,0
DUPLICATE: R6m9:ZZBN,29,2,0,3,1,36844,0,0,0,-3197777,11581604,3,60572,-11300000,-12200000,-950000,0,0,2,77590,-9500000,-12200000,700000,0,0
RECV: aVKe:ZZBN,31,1,0,1,1,39422,0,0,0,-3197777,11581604
SEND: Z56E:ZZBN,31,3,0,2,1,39422,0,0,0,-3197777,11581604,3,63150,-11300000,-12400000,-850000,0,0
DUPLICATE: Df03:ZZBN,31,2,0,3,1,39422,0,0,0,-3197777,11581604,3,63150,-11300000,-12400000,-850000,0,0,2,80168,-9400000,-12200000,825000,0,0
RECV: GTbh:ZZBN,33,1,0,1,1,42000,0,0,0,-3197779,11581600
SEND: 34fZ:ZZBN,33,3,0,2,1,42000,0,0,0,-3197779,11581600,3,65728,-11300000,-12300000,-1000000,0,0
DUPLICATE: yoso:ZZBN,33,2,0,3,1,42000,0,0,0,-3197779,11581600,3,65728,-11300000,-12300000,-1000000,0,0,2,82746,-9700000,-10600000,775000,0,0
RECV: 0hVd:ZZBN,35,1,0,1,1,44578,0,0,0,-3197779,11581600
SEND: 99sV:ZZBN,35,3,0,2,1,44578,0,0,0,-3197779,11581600,3,68306,-11300000,-11200000,-950000,0,0
DUPLICATE: qhOA:ZZBN,35,2,0,3,1,44578,0,0,0,-3197779,11581600,3,68306,-11300000,-11200000,-950000,0,0,2,85324,-9500000,-12100000,700000,0,0
RECV: BRUl:ZZBN,37,1,0,1,1,47156,0,0,0,-3197779,11581600
SEND: 6ky5:ZZBN,37,3,0,2,1,47156,0,0,0,-3197779,11581600,3,70884,-11400000,-11100000,-800000,0,0
DUPLICATE: 6Wbu:ZZBN,37,2,0,3,1,47156,0,0,0,-3197779,11581600,3,70884,-11400000,-11100000,-800000,0,0,2,87902,-9600000,-12100000,700000,0,0
RECV: ULfa:ZZBN,39,1,0,1,1,49734,0,0,0,-3197783,11581602
SEND: x8Zy:ZZBN,39,3,0,2,1,49734,0,0,0,-3197783,11581602,3,73462,-11300000,-12400000,-725000,0,0
DUPLICATE: 0zES:ZZBN,39,2,0,3,1,49734,0,0,0,-3197783,11581602,3,73462,-11300000,-12400000,-725000,0,0,2,90480,-9400000,-12200000,800000,0,0
RECV: rWVr:ZZBN,41,1,0,1,1,52312,0,0,0,-3197783,11581602
SEND: b8EO:ZZBN,41,3,0,2,1,52312,0,0,0,-3197783,11581602,3,76040,-11300000,-12200000,-950000,0,0
DUPLICATE: fmUh:ZZBN,41,2,0,3,1,52312,0,0,0,-3197783,11581602,3,76040,-11300000,-12200000,-950000,0,0,2,93058,-9400000,-12200000,775000,0,0
RECV: cFN1:ZZBN,43,1,0,1,1,54890,0,0,0,-3197783,11581602
SEND: mItG:ZZBN,43,3,0,2,1,54890,0,0,0,-3197783,11581602,3,78618,-11400000,-12200000,-750000,0,0
DUPLICATE: mX7g:ZZBN,43,2,0,3,1,54890,0,0,0,-3197783,11581602,3,78618,-11400000,-12200000,-750000,0,0,2,95636,-9300000,-11900000,950000,0,0
RECV: XoVL:ZZBN,45,1,0,1,1,57468,0,0,0,-3197789,11581607
SEND: QcEr:ZZBN,45,3,0,2,1,57468,0,0,0,-3197789,11581607,3,81196,-11300000,-12200000,-775000,0,0
DUPLICATE: h8QQ:ZZBN,45,2,0,3,1,57468,0,0,0,-3197789,11581607,3,81196,-11300000,-12200000,-775000,0,0,2,98214,-9300000,-12200000,1025000,0,0
RECV: yy59:ZZBN,47,1,0,1,1,60046,0,0,0,-3197794,11581608
SEND: lsBK:ZZBN,47,3,0,2,1,60046,0,0,0,-3197794,11581608,3,83774,-11400000,-12200000,-750000,0,0
DUPLICATE: mLEA:ZZBN,47,2,0,3,1,60046,0,0,0,-3197794,11581608,3,83774,-11400000,-12200000,-750000,0,0,2,100792,-9300000,-12200000,1000000,0,0
RECV: IZAJ:ZZBN,49,1,0,1,1,62624,0,0,0,-3197793,11581610
SEND: wmob:ZZBN,49,3,0,2,1,62624,0,0,0,-3197793,11581610,3,86352,-11300000,-12200000,-850000,0,0
DUPLICATE: cEqv:ZZBN,49,2,0,3,1,62624,0,0,0,-3197793,11581610,3,86352,-11300000,-12200000,-850000,0,0,2,103370,-9500000,-12200000,775000,0,0
RECV: Ll25:ZZBN,51,1,0,1,1,65202,0,0,0,-3197793,11581611
SEND: Ime5:ZZBN,51,3,0,2,1,65202,0,0,0,-3197793,11581611,3,88930,-11300000,-12200000,-925000,0,0
DUPLICATE: HGel:ZZBN,51,2,0,3,1,65202,0,0,0,-3197793,11581611,3,88930,-11300000,-12200000,-925000,0,0,2,105948,-9500000,-12200000,775000,0,0
RECV: YZw9:ZZBN,53,1,0,1,1,67780,0,0,0,-3197793,11581611
SEND: jdFZ:ZZBN,53,3,0,2,1,67780,0,0,0,-3197793,11581611,3,91508,-11200000,-12300000,-975000,0,0
DUPLICATE: Gg6e:ZZBN,53,2,0,3,1,67780,0,0,0,-3197793,11581611,3,91508,-11200000,-12300000,-975000,0,0,2,108526,-9400000,-12200000,850000,0,0
RECV: 3Asi:ZZBN,55,1,0,1,1,70358,0,0,0,-3197793,11581611
SEND: E1sZ:ZZBN,55,3,0,2,1,70358,0,0,0,-3197793,11581611,3,94086,-11000000,-12200000,-1225000,0,0
RECV: CIvT:ZZBN,56,1,0,1,1,71647,0,0,0,-3197793,11581611
SEND: EtST:ZZBN,56,3,0,2,1,71647,0,0,0,-3197793,11581611,3,95375,-11300000,-12300000,-1000000,0,0
RECV: xGxL:ZZBN,57,1,0,1,1,72936,0,0,0,-3197793,11581611
SEND: Tbhd:ZZBN,57,3,0,2,1,72936,0,0,0,-3197793,11581611,3,96664,-11300000,-12200000,-925000,0,0
RECV: RMNy:ZZBN,58,1,0,1,1,74225,0,0,0,-3197793,11581611
SEND: Fx4Y:ZZBN,58,3,0,2,1,74225,0,0,0,-3197793,11581611,3,97953,-11400000,-12200000,-900000,0,0
DUPLICATE: bpjj:ZZBN,58,2,0,3,1,74225,0,0,0,-3197793,11581611,3,97953,-11400000,-12200000,-900000,0,0,2,114971,-10500000,-10500000,-525000,0,0
RECV: u8KL:ZZBN,60,1,0,1,1,76803,0,0,0,-3197793,11581611
SEND: wHwP:ZZBN,60,3,0,2,1,76803,0,0,0,-3197793,11581611,3,100531,-11300000,-12200000,-975000,0,0
DUPLICATE: lx9G:ZZBN,60,2,0,3,1,76803,0,0,0,-3197793,11581611,3,100531,-11300000,-12200000,-975000,0,0,2,117549,-10600000,-12200000,-825000,0,0
RECV: eeyP:ZZBN,62,1,0,1,1,79381,0,0,0,-3197793,11581611
SEND: 4u1k:ZZBN,62,3,0,2,1,79381,0,0,0,-3197793,11581611,3,103109,-11400000,-12100000,-1000000,0,0
DUPLICATE: 7IK1:ZZBN,62,2,0,3,1,79381,0,0,0,-3197793,11581611,3,103109,-11400000,-12100000,-1000000,0,0,2,120147,-10400000,-12200000,-500000,0,0
RECV: aB1X:ZZBN,64,1,0,1,1,81959,0,0,0,-3197793,11581611
SEND: 0I8o:ZZBN,64,3,0,2,1,81959,0,0,0,-3197793,11581611,3,105687,-11000000,-12200000,-975000,0,0
DUPLICATE: 3eft:ZZBN,64,2,0,3,1,81959,0,0,0,-3197793,11581611,3,105687,-11000000,-12200000,-975000,0,0,2,122705,-9500000,-12100000,725000,0,0
RECV: 1Hrj:ZZBN,66,1,0,1,1,84537,0,0,0,-3197793,11581611
SEND: 10JZ:ZZBN,66,3,0,2,1,84537,0,0,0,-3197793,11581611,3,108265,-11100000,-12200000,-900000,0,0
DUPLICATE: iHno:ZZBN,66,2,0,3,1,84537,0,0,0,-3197793,11581611,3,108265,-11100000,-12200000,-900000,0,0,2,125283,-9400000,-12200000,800000,0,0
RECV: YBGR:ZZBN,68,1,0,1,1,87115,0,0,0,-3197792,11581605
SEND: NJ3L:ZZBN,68,3,0,2,1,87115,0,0,0,-3197792,11581605,3,110843,-11200000,-12200000,-1025000,0,0
RECV: p7Z8:ZZBN,69,1,0,1,1,88404,0,0,0,-3197789,11581609
SEND: w8XN:ZZBN,69,3,0,2,1,88404,0,0,0,-3197789,11581609,3,112132,-11300000,-11600000,-825000,0,0
RECV: lJ0f:ZZBN,70,1,0,1,1,89693,0,0,0,-3197791,11581609
SEND: Z9e7:ZZBN,70,3,0,2,1,89693,0,0,0,-3197791,11581609,3,113421,-11300000,-12400000,-975000,0,0
RECV: Qjgp:ZZBN,71,1,0,1,1,90982,0,0,0,-3197792,11581609
SEND: 1KlA:ZZBN,71,3,0,2,1,90982,0,0,0,-3197792,11581609,3,114710,-11400000,-12900000,-1100000,0,0
RECV: ccTW:ZZBN,72,1,0,1,1,92271,0,0,0,-3197792,11581609
SEND: xkun:ZZBN,72,3,0,2,1,92271,0,0,0,-3197792,11581609,3,115999,-11100000,-12200000,-1250000,0,0
RECV: Jt7f:ZZBN,73,1,0,1,1,93560,0,0,0,-3197792,11581609
SEND: 0QMr:ZZBN,73,3,0,2,1,93560,0,0,0,-3197792,11581609,3,117288,-11300000,-11300000,-1000000,0,0
RECV: hiZy:ZZBN,74,1,0,1,1,94849,0,0,0,-3197792,11581609
SEND: bYt5:ZZBN,74,3,0,2,1,94849,0,0,0,-3197792,11581609,3,118577,-11200000,-12200000,-1200000,0,0
DUPLICATE: kmmb:ZZBN,74,2,0,3,1,94849,0,0,0,-3197792,11581609,3,118577,-11200000,-12200000,-1200000,0,0,2,135615,-9400000,-11800000,900000,0,0
RECV: GTGu:ZZBN,76,1,0,1,1,97427,0,0,0,-3197792,11581609
SEND: fpnL:ZZBN,76,3,0,2,1,97427,0,0,0,-3197792,11581609,3,121155,-11200000,-12000000,-1050000,0,0
RECV: ZFiR:ZZBN,77,1,0,1,1,98716,0,0,0,-3197792,11581609
SEND: f1Fq:ZZBN,77,3,0,2,1,98716,0,0,0,-3197792,11581609,3,122444,-11300000,-12200000,-925000,0,0
DUPLICATE: tsk7:ZZBN,77,2,0,3,1,98716,0,0,0,-3197792,11581609,3,122444,-11300000,-12200000,-925000,0,0,2,139462,-9400000,-10600000,1075000,0,0
RECV: XqpE:ZZBN,79,1,0,1,1,101294,0,0,0,-3197792,11581609
SEND: tnwz:ZZBN,79,3,0,2,1,101294,0,0,0,-3197792,11581609,3,125022,-11500000,-12000000,-825000,0,0
DUPLICATE: nnf4:ZZBN,79,2,0,3,1,101294,0,0,0,-3197792,11581609,3,125022,-11500000,-12000000,-825000,0,0,2,142061,-9600000,-12200000,750000,0,0
RECV: M8nc:ZZBN,81,1,0,1,1,103872,0,0,0,-3197792,11581609
SEND: QcAB:ZZBN,81,3,0,2,1,103872,0,0,0,-3197792,11581609,3,127600,-11300000,-11600000,-950000,0,0
DUPLICATE: KM4L:ZZBN,81,2,0,3,1,103872,0,0,0,-3197792,11581609,3,127600,-11300000,-11600000,-950000,0,0,2,144638,-10000000,-10500000,225000,0,0
RECV: 15I6:ZZBN,83,1,0,1,1,106450,0,0,0,-3197792,11581609
SEND: hgpv:ZZBN,83,3,0,2,1,106450,0,0,0,-3197792,11581609,3,130178,-11300000,-11100000,-700000,0,0
