RECV: hy5o:ZZBA,10,3,0,2,1,10604,0,0,0,0,0,3,26928,-11400000,-12200000,-900000,0,0
SEND: jQxD:ZZBA,10,2,0,3,1,10604,0,0,0,0,0,3,26928,-11400000,-12200000,-900000,0,0,2,51850,-10200000,-12200000,300000,0,0
RECV: xiQ2:ZZBA,11,3,0,2,1,11671,0,0,0,0,0,3,27995,-11400000,-12200000,-725000,0,0
SEND: zwGw:ZZBA,11,2,0,3,1,11671,0,0,0,0,0,3,27995,-11400000,-12200000,-725000,0,0,2,52917,-10200000,-11000000,300000,0,0
RECV: wnoL:ZZBA,13,3,0,2,1,13805,0,0,0,0,0,3,30129,-11300000,-12200000,-1050000,0,0
SEND: 1asn:ZZBA,13,2,0,3,1,13805,0,0,0,0,0,3,30129,-11300000,-12200000,-1050000,0,0,2,55056,-9900000,-10400000,575000,0,0
RECV: dVgV:ZZBA,24,3,0,2,1,25542,0,0,0,0,0,3,41866,-11400000,-12200000,-1000000,0,0
SEND: fwYB:ZZBA,24,2,0,3,1,25542,0,0,0,0,0,3,41866,-11400000,-12200000,-1000000,0,0,2,66793,-10600000,-10800000,-325000,0,0
RECV: rKqz:ZZBA,25,3,0,2,1,26609,0,0,0,0,0,3,42933,-11300000,-11400000,-650000,0,0
SEND: qlO2:ZZBA,25,2,0,3,1,26609,0,0,0,0,0,3,42933,-11300000,-11400000,-650000,0,0,2,67855,-10300000,-12200000,175000,0,0
RECV: H2Ix:ZZBA,30,3,0,2,1,31944,0,0,0,0,0,3,48268,-11200000,-12000000,-925000,0,0
SEND: wp7R:ZZBA,30,2,0,3,1,31944,0,0,0,0,0,3,48268,-11200000,-12000000,-925000,0,0,2,73190,-10600000,-12200000,-325000,0,0
RECV: lfI8:ZZBA,41,3,0,2,1,43681,0,0,0,0,0,3,60005,-11300000,-11100000,-650000,0,0
SEND: EUlS:ZZBA,41,2,0,3,1,43681,0,0,0,0,0,3,60005,-11300000,-11100000,-650000,0,0,2,84927,-10200000,-12200000,250000,0,0
RECV: Xsim:ZZBA,42,3,0,2,1,44748,0,0,0,0,0,3,61072,-11200000,-12400000,-900000,0,0
SEND: Ui58:ZZBA,42,2,0,3,1,44748,0,0,0,0,0,3,61072,-11200000,-12400000,-900000,0,0,2,85994,-10200000,-12100000,225000,0,0
RECV: 4w9C:ZZBA,45,3,0,2,1,47949,0,0,0,0,0,3,64273,-11200000,-12200000,-450000,0,0
SEND: o8tV:ZZBA,45,2,0,3,1,47949,0,0,0,0,0,3,64273,-11200000,-12200000,-450000,0,0,2,89195,-10500000,-12200000,-350000,0,0
RECV: YDJf:ZZBA,49,3,0,2,1,52217,0,0,0,0,0,3,68541,-11400000,-12200000,-1125000,0,0
SEND: eZqE:ZZBA,49,2,0,3,1,52217,0,0,0,0,0,3,68541,-11400000,-12200000,-1125000,0,0,2,93468,-10600000,-12200000,-650000,0,0
RECV: SkT8:ZZBA,60,3,0,2,1,63954,0,0,0,0,0,3,80278,-11400000,-11400000,-950000,0,0
SEND: 9X4H:ZZBA,60,2,0,3,1,63954,0,0,0,0,0,3,80278,-11400000,-11400000,-950000,0,0,2,105200,-10600000,-10600000,-675000,0,0
RECV: qyC6:ZZBA,61,3,0,2,1,65021,0,0,0,0,0,3,81345,-11400000,-12200000,-825000,0,0
SEND: soFL:ZZBA,61,2,0,3,1,65021,0,0,0,0,0,3,81345,-11400000,-12200000,-825000,0,0,2,106267,-10600000,-12200000,-575000,0,0
RECV: gKpK:ZZBA,64,3,0,2,1,68222,0,0,0,0,0,3,84546,-11100000,-12200000,-1150000,0,0
SEND: 8BHV:ZZBA,64,2,0,3,1,68222,0,0,0,0,0,3,84546,-11100000,-12200000,-1150000,0,0,2,109473,-10600000,-12200000,-575000,0,0
RECV: qlna:ZZBA,68,3,0,2,1,72490,0,0,0,0,0,3,88814,-11500000,-12400000,-850000,0,0
SEND: EFqL:ZZBA,68,2,0,3,1,72490,0,0,0,0,0,3,88814,-11500000,-12400000,-850000,0,0,2,113736,-10000000,-12200000,500000,0,0
RECV: XWbU:ZZBA,69,3,0,2,1,73557,0,0,0,0,0,3,89881,-11300000,-12200000,-775000,0,0
SEND: hlJZ:ZZBA,69,2,0,3,1,73557,0,0,0,0,0,3,89881,-11300000,-12200000,-775000,0,0,2,114803,-9900000,-12100000,650000,0,0
RECV: dKof:ZZBA,70,3,0,2,1,74624,0,0,0,0,0,3,90948,-11300000,-12200000,-975000,0,0
SEND: XZ0d:ZZBA,70,2,0,3,1,74624,0,0,0,0,0,3,90948,-11300000,-12200000,-975000,0,0,2,115870,-9800000,-12200000,675000,0,0
RECV: 31Ua:ZZBA,71,3,0,2,1,75691,0,0,0,0,0,3,92014,-11400000,-12300000,-900000,0,0
SEND: dhtl:ZZBA,71,2,0,3,1,75691,0,0,0,0,0,3,92014,-11400000,-12300000,-900000,0,0,2,116937,-10000000,-10600000,500000,0,0
RECV: xBUm:ZZBA,73,3,0,2,1,77825,0,0,0,0,0,3,94148,-11400000,-12200000,-1000000,0,0
SEND: CTaI:ZZBA,73,2,0,3,1,77825,0,0,0,0,0,3,94148,-11400000,-12200000,-1000000,0,0,2,119076,-10200000,-12200000,300000,0,0
RECV: 55Gr:ZZBA,75,3,0,2,1,79959,0,0,0,0,0,3,96282,-11400000,-11200000,-975000,0,0
SEND: 8GCt:ZZBA,75,2,0,3,1,79959,0,0,0,0,0,3,96282,-11400000,-11200000,-975000,0,0,2,121205,-9900000,-10600000,650000,0,0
RECV: TAi0:ZZBA,77,3,0,2,1,82093,0,0,0,0,0,3,98417,-11300000,-12200000,-925000,0,0
SEND: wHTS:ZZBA,77,2,0,3,1,82093,0,0,0,0,0,3,98417,-11300000,-12200000,-925000,0,0,2,123339,-9900000,-12200000,575000,0,0
RECV: Eumj:ZZBA,78,3,0,2,1,83160,0,0,0,0,0,3,99483,-11400000,-12200000,-850000,0,0
SEND: awvO:ZZBA,78,2,0,3,1,83160,0,0,0,0,0,3,99483,-11400000,-12200000,-850000,0,0,2,124406,-9900000,-12100000,650000,0,0
RECV: nAU6:ZZBA,102,3,0,2,1,108816,0,0,0,0,0,3,125145,-11400000,-12200000,-1000000,0,0
SEND: p46w:ZZBA,102,2,0,3,1,108816,0,0,0,0,0,3,125145,-11400000,-12200000,-1000000,0,0,2,150083,-9700000,-12200000,800000,0,0
