SEND: GRpO:ZZAA,12,1,0,1,1,3738,0,0,0,0,0
SEND: qkZ9:ZZAA,13,1,0,1,1,4055,0,0,0,0,0
SEND: HkXo:ZZAA,14,1,0,1,1,4372,0,0,0,0,0
SEND: 7cgm:ZZAA,15,1,0,1,1,4689,0,0,0,0,0
SEND: 4Gdh:ZZAA,16,1,0,1,1,5006,0,0,0,0,0
SEND: pkWu:ZZAA,17,1,0,1,1,5323,0,0,0,0,0
SEND: Uxux:ZZAA,18,1,0,1,1,5640,0,0,0,0,0
SEND: kJLr:ZZAA,19,1,0,1,1,5957,0,0,0,0,0
SEND: BcgM:ZZAA,20,1,0,1,1,6274,0,0,0,0,0
SEND: oEcR:ZZAA,21,1,0,1,1,6591,0,0,0,0,0
SEND: ZRbw:ZZAA,22,1,0,1,1,6908,0,0,0,0,0
SEND: LSMR:ZZAA,23,1,0,1,1,7225,0,0,0,0,0
SEND: 0DkV:ZZAA,24,1,0,1,1,7542,0,0,0,0,0
SEND: cYeY:ZZAA,25,1,0,1,1,7859,0,0,0,0,0
SEND: Sp4Q:ZZAA,26,1,0,1,1,8176,0,0,0,0,0
SEND: Rhqq:ZZAA,27,1,0,1,1,8493,0,0,0,0,0
SEND: ziJI:ZZAA,28,1,0,1,1,8810,0,0,0,0,0
SEND: Yf86:ZZAA,29,1,0,1,1,9127,0,0,0,0,0
SEND: IRBQ:ZZAA,30,1,0,1,1,9444,0,0,0,0,0
SEND: 3wk4:ZZAA,31,1,0,1,1,9761,0,0,0,0,0
SEND: RvKB:ZZAA,32,1,0,1,1,10078,0,0,0,0,0
SEND: C08m:ZZAA,33,1,0,1,1,10395,0,0,0,0,0
SEND: y6v7:ZZAA,34,1,0,1,1,10712,0,0,0,0,0
SEND: D50j:ZZAA,35,1,0,1,1,11029,0,0,0,0,0
SEND: ebnJ:ZZAA,36,1,0,1,1,11346,0,0,0,0,0
SEND: n2N7:ZZAA,37,1,0,1,1,11663,0,0,0,0,0
SEND: 6UPU:ZZAA,38,1,0,1,1,11980,0,0,0,0,0
SEND: tQkr:ZZAA,39,1,0,1,1,12297,0,0,0,0,0
SEND: wwtD:ZZAA,40,1,0,1,1,12614,0,0,0,0,0
SEND: BM4k:ZZAA,41,1,0,1,1,12931,0,0,0,0,0
SEND: CiEK:ZZAA,42,1,0,1,1,13248,0,0,0,0,0
SEND: BRCp:ZZAA,43,1,0,1,1,13565,0,0,0,0,0
SEND: GJUz:ZZAA,44,1,0,1,1,13882,0,0,0,0,0
SEND: 92SM:ZZAA,45,1,0,1,1,14199,0,0,0,0,0
SEND: Fglm:ZZAA,46,1,0,1,1,14516,0,0,0,0,0
SEND: 22ol:ZZAA,47,1,0,1,1,14833,0,0,0,0,0
SEND: gUxW:ZZAA,48,1,0,1,1,15150,0,0,0,0,0
SEND: IaPQ:ZZAA,49,1,0,1,1,15467,0,0,0,0,0
SEND: W42v:ZZAA,50,1,0,1,1,15784,0,0,0,0,0
SEND: 19LO:ZZAA,51,1,0,1,1,16101,0,0,0,0,0
SEND: xqGY:ZZAA,52,1,0,1,1,16418,0,0,0,0,0
SEND: Wl2m:ZZAA,53,1,0,1,1,16735,0,0,0,0,0
SEND: 4IfI:ZZAA,54,1,0,1,1,17052,0,0,0,0,0
SEND: w9jX:ZZAA,55,1,0,1,1,17369,0,0,0,0,0
SEND: l2BW:ZZAA,56,1,0,1,1,17686,0,0,0,0,0
SEND: WRcG:ZZAA,57,1,0,1,1,18003,0,0,0,0,0
SEND: vV48:ZZAA,58,1,0,1,1,18320,0,0,0,0,0
SEND: 5Vdj:ZZAA,59,1,0,1,1,18637,0,0,0,0,0
SEND: p5MI:ZZAA,60,1,0,1,1,18954,0,0,0,0,0
SEND: DkrP:ZZAA,61,1,0,1,1,19271,0,0,0,0,0
SEND: tUjf:ZZAA,62,1,0,1,1,19588,0,0,0,0,0
SEND: HbfZ:ZZAA,63,1,0,1,1,19905,0,0,0,0,0
SEND: 4LZ4:ZZAA,64,1,0,1,1,20222,0,0,0,0,0
SEND: iCAO:ZZAA,65,1,0,1,1,20539,0,0,0,0,0
SEND: hoa5:ZZAA,66,1,0,1,1,20856,0,0,0,0,0
SEND: bYTM:ZZAA,67,1,0,1,1,21173,0,0,0,0,0
SEND: 846C:ZZAA,68,1,0,1,1,21490,0,0,0,0,0
SEND: PmDD:ZZAA,69,1,0,1,1,21807,0,0,0,0,0
SEND: m7uV:ZZAA,70,1,0,1,1,22124,0,0,0,0,0
SEND: P22j:ZZAA,71,1,0,1,1,22441,0,0,0,0,0
SEND: P8Z0:ZZAA,72,1,0,1,1,22758,0,0,0,0,0
SEND: bSMg:ZZAA,73,1,0,1,1,23075,0,0,0,0,0
SEND: MVTt:ZZAA,74,1,0,1,1,23392,0,0,0,0,0
SEND: PPyu:ZZAA,75,1,0,1,1,23709,0,0,0,0,0
SEND: dbft:ZZAA,76,1,0,1,1,24026,0,0,0,0,0
SEND: 2215:ZZAA,77,1,0,1,1,24343,0,0,0,0,0
SEND: rNsB:ZZAA,78,1,0,1,1,24660,0,0,0,0,0
SEND: JAdi:ZZAA,79,1,0,1,1,24977,0,0,0,0,0
SEND: sYhO:ZZAA,80,1,0,1,1,25294,0,0,0,0,0
SEND: g23F:ZZAA,81,1,0,1,1,25611,0,0,0,0,0
SEND: qs31:ZZAA,82,1,0,1,1,25928,0,0,0,0,0
SEND: wCEO:ZZAA,83,1,0,1,1,26245,0,0,0,0,0
SEND: likE:ZZAA,84,1,0,1,1,26562,0,0,0,0,0
SEND: bUHq:ZZAA,85,1,0,1,1,26879,0,0,0,0,0
SEND: Pjog:ZZAA,86,1,0,1,1,27196,0,0,0,0,0
SEND: vRON:ZZAA,87,1,0,1,1,27513,0,0,0,0,0
SEND: qwXy:ZZAA,88,1,0,1,1,27830,0,0,0,0,0
SEND: bvhM:ZZAA,89,1,0,1,1,28147,0,0,0,0,0
SEND: zHEk:ZZAA,90,1,0,1,1,28464,0,0,0,0,0
SEND: gK2z:ZZAA,91,1,0,1,1,28781,0,0,0,0,0
SEND: Xd2A:ZZAA,92,1,0,1,1,29098,0,0,0,0,0
SEND: R856:ZZAA,93,1,0,1,1,29415,0,0,0,0,0
SEND: 2d6N:ZZAA,94,1,0,1,1,29732,0,0,0,0,0
SEND: mUB8:ZZAA,95,1,0,1,1,30049,0,0,0,0,0
SEND: nezY:ZZAA,96,1,0,1,1,30366,0,0,0,0,0
SEND: MIk0:ZZAA,97,1,0,1,1,30683,0,0,0,0,0
SEND: pvgc:ZZAA,98,1,0,1,1,31000,0,0,0,0,0
SEND: xvBz:ZZAA,99,1,0,1,1,31317,0,0,0,0,0
SEND: grqx:ZZAA,100,1,0,1,1,31634,0,0,0,0,0
SEND: ZALO:ZZAA,101,1,0,1,1,31957,0,0,0,0,0
SEND: mvY7:ZZAA,102,1,0,1,1,32280,0,0,0,0,0
SEND: mGxt:ZZAA,103,1,0,1,1,32603,0,0,0,0,0
SEND: PXvF:ZZAA,104,1,0,1,1,32926,0,0,0,0,0
SEND: JPRR:ZZAA,105,1,0,1,1,33249,0,0,0,0,0
SEND: htmu:ZZAA,106,1,0,1,1,33572,0,0,0,0,0
SEND: e62A:ZZAA,107,1,0,1,1,33895,0,0,0,0,0
SEND: vpi5:ZZAA,108,1,0,1,1,34218,0,0,0,0,0
SEND: hfvZ:ZZAA,109,1,0,1,1,34541,0,0,0,0,0
SEND: FM1T:ZZAA,110,1,0,1,1,34864,0,0,0,0,0
SEND: zReM:ZZAA,111,1,0,1,1,35187,0,0,0,0,0
SEND: Ia4o:ZZAA,112,1,0,1,1,35510,0,0,0,0,0
SEND: f989:ZZAA,113,1,0,1,1,35833,0,0,0,0,0
SEND: l5KZ:ZZAA,114,1,0,1,1,36156,0,0,0,0,0
SEND: icE5:ZZAA,115,1,0,1,1,36479,0,0,0,0,0
SEND: nJFM:ZZAA,116,1,0,1,1,36802,0,0,0,0,0
SEND: DzFP:ZZAA,117,1,0,1,1,37125,0,0,0,0,0
SEND: aTm5:ZZAA,118,1,0,1,1,37448,0,0,0,0,0
SEND: UARU:ZZAA,119,1,0,1,1,37771,0,0,0,0,0
SEND: ZuZl:ZZAA,120,1,0,1,1,38094,0,0,0,0,0
SEND: 99vM:ZZAA,121,1,0,1,1,38417,0,0,0,0,0
SEND: fveR:ZZAA,122,1,0,1,1,38740,0,0,0,0,0
SEND: ZJH3:ZZAA,123,1,0,1,1,39063,0,0,0,0,0
SEND: iNO2:ZZAA,124,1,0,1,1,39386,0,0,0,0,0
SEND: ktUs:ZZAA,125,1,0,1,1,39709,0,0,0,0,0
SEND: k0NM:ZZAA,126,1,0,1,1,40032,0,0,0,0,0
SEND: VpNm:ZZAA,127,1,0,1,1,40355,0,0,0,0,0
SEND: agz5:ZZAA,128,1,0,1,1,40678,0,0,0,0,0
SEND: UVKL:ZZAA,129,1,0,1,1,41001,0,0,0,0,0
SEND: cdWQ:ZZAA,130,1,0,1,1,41324,0,0,0,0,0
SEND: vygm:ZZAA,131,1,0,1,1,41647,0,0,0,0,0
SEND: 9NJT:ZZAA,132,1,0,1,1,41970,0,0,0,0,0
SEND: Rrkp:ZZAA,133,1,0,1,1,42293,0,0,0,0,0
SEND: XZsJ:ZZAA,134,1,0,1,1,42616,0,0,0,0,0
SEND: airD:ZZAA,135,1,0,1,1,42939,0,0,0,0,0
SEND: fntJ:ZZAA,136,1,0,1,1,43262,0,0,0,0,0
SEND: SiYY:ZZAA,137,1,0,1,1,43585,0,0,0,0,0
SEND: OzoH:ZZAA,138,1,0,1,1,43908,0,0,0,0,0
SEND: Z12m:ZZAA,139,1,0,1,1,44231,0,0,0,0,0
SEND: Vwg4:ZZAA,140,1,0,1,1,44554,0,0,0,0,0
SEND: U0fo:ZZAA,141,1,0,1,1,44877,0,0,0,0,0
SEND: IGbn:ZZAA,142,1,0,1,1,45200,0,0,0,0,0
SEND: RPBP:ZZAA,143,1,0,1,1,45523,0,0,0,0,0
SEND: GceF:ZZAA,144,1,0,1,1,45846,0,0,0,0,0
SEND: 6pQE:ZZAA,145,1,0,1,1,46169,0,0,0,0,0
SEND: OQfi:ZZAA,146,1,0,1,1,46492,0,0,0,0,0
SEND: 2tTY:ZZAA,147,1,0,1,1,46815,0,0,0,0,0
SEND: 8Qdd:ZZAA,148,1,0,1,1,47138,0,0,0,0,0
SEND: mZKS:ZZAA,149,1,0,1,1,47461,0,0,0,0,0
SEND: 0QXk:ZZAA,150,1,0,1,1,47784,0,0,0,0,0
SEND: DmrO:ZZAA,151,1,0,1,1,48107,0,0,0,0,0
SEND: jvaB:ZZAA,152,1,0,1,1,48430,0,0,0,0,0
SEND: InNe:ZZAA,153,1,0,1,1,48753,0,0,0,0,0
SEND: QIwr:ZZAA,154,1,0,1,1,49076,0,0,0,0,0
SEND: hBer:ZZAA,155,1,0,1,1,49399,0,0,0,0,0
SEND: kaMO:ZZAA,156,1,0,1,1,49722,0,0,0,0,0
SEND: VNsn:ZZAA,157,1,0,1,1,50045,0,0,0,0,0
SEND: c8ku:ZZAA,158,1,0,1,1,50368,0,0,0,0,0
SEND: OANi:ZZAA,159,1,0,1,1,50691,0,0,0,0,0
SEND: w9YE:ZZAA,160,1,0,1,1,51014,0,0,0,0,0
SEND: 9MDp:ZZAA,161,1,0,1,1,51337,0,0,0,0,0
SEND: Lxvm:ZZAA,162,1,0,1,1,51660,0,0,0,0,0
SEND: uYx6:ZZAA,163,1,0,1,1,51983,0,0,0,0,0
SEND: NyHW:ZZAA,164,1,0,1,1,52306,0,0,0,0,0
SEND: MQU9:ZZAA,165,1,0,1,1,52629,0,0,0,0,0
SEND: m7as:ZZAA,166,1,0,1,1,52952,0,0,0,0,0
SEND: wDV1:ZZAA,167,1,0,1,1,53275,0,0,0,0,0
SEND: zXkz:ZZAA,168,1,0,1,1,53598,0,0,0,0,0
SEND: aogw:ZZAA,169,1,0,1,1,53921,0,0,0,0,0
SEND: frtk:ZZAA,170,1,0,1,1,54244,0,0,0,0,0
SEND: ykaj:ZZAA,171,1,0,1,1,54567,0,0,0,0,0
SEND: Kxu1:ZZAA,172,1,0,1,1,54890,0,0,0,0,0
SEND: 1C2I:ZZAA,173,1,0,1,1,55213,0,0,0,0,0
SEND: yexg:ZZAA,174,1,0,1,1,55536,0,0,0,0,0
SEND: TSf1:ZZAA,175,1,0,1,1,55859,0,0,0,0,0
SEND: AKUN:ZZAA,176,1,0,1,1,56182,0,0,0,0,0
SEND: wfon:ZZAA,177,1,0,1,1,56505,0,0,0,0,0
SEND: noSF:ZZAA,178,1,0,1,1,56828,0,0,0,0,0
SEND: g2BQ:ZZAA,179,1,0,1,1,57151,0,0,0,0,0
SEND: KVO0:ZZAA,180,1,0,1,1,57474,0,0,0,0,0
SEND: FFlK:ZZAA,181,1,0,1,1,57797,0,0,0,0,0
SEND: BqdJ:ZZAA,182,1,0,1,1,58120,0,0,0,0,0
SEND: MI3Z:ZZAA,183,1,0,1,1,58443,0,0,0,0,0
SEND: X2Yn:ZZAA,184,1,0,1,1,58766,0,0,0,0,0
SEND: J20g:ZZAA,185,1,0,1,1,59089,0,0,0,0,0
SEND: 2n6i:ZZAA,186,1,0,1,1,59412,0,0,0,0,0
SEND: fMXc:ZZAA,187,1,0,1,1,59735,0,0,0,0,0
SEND: uyIr:ZZAA,188,1,0,1,1,60058,0,0,0,0,0
SEND: 2VvR:ZZAA,189,1,0,1,1,60381,0,0,0,0,0
SEND: tU81:ZZAA,190,1,0,1,1,60704,0,0,0,0,0
SEND: hv27:ZZAA,191,1,0,1,1,61027,0,0,0,0,0
SEND: XSrj:ZZAA,192,1,0,1,1,61350,0,0,0,0,0
SEND: ym2x:ZZAA,193,1,0,1,1,61673,0,0,0,0,0
SEND: XHiL:ZZAA,194,1,0,1,1,61996,0,0,0,0,0
SEND: yYI0:ZZAA,195,1,0,1,1,62319,0,0,0,0,0
SEND: Ulj1:ZZAA,196,1,0,1,1,62642,0,0,0,0,0
SEND: nT6R:ZZAA,197,1,0,1,1,62965,0,0,0,0,0
SEND: jExp:ZZAA,198,1,0,1,1,63288,0,0,0,0,0
SEND: IR8N:ZZAA,199,1,0,1,1,63611,0,0,0,0,0
SEND: LF1S:ZZAA,200,1,0,1,1,63934,0,0,0,0,0
SEND: BeQW:ZZAA,201,1,0,1,1,64257,0,0,0,0,0
SEND: HEjq:ZZAA,202,1,0,1,1,64580,0,0,0,0,0
SEND: No6b:ZZAA,203,1,0,1,1,64903,0,0,0,0,0
SEND: fElX:ZZAA,204,1,0,1,1,65226,0,0,0,0,0
SEND: Amz4:ZZAA,205,1,0,1,1,65549,0,0,0,0,0
SEND: MtRx:ZZAA,206,1,0,1,1,65872,0,0,0,0,0
SEND: qhms:ZZAA,207,1,0,1,1,66195,0,0,0,0,0
SEND: Qns1:ZZAA,208,1,0,1,1,66518,0,0,0,0,0
SEND: Oyal:ZZAA,209,1,0,1,1,66841,0,0,0,0,0
SEND: lcZV:ZZAA,210,1,0,1,1,67164,0,0,0,0,0
SEND: OTfE:ZZAA,211,1,0,1,1,67487,0,0,0,0,0
SEND: rjd9:ZZAA,212,1,0,1,1,67810,0,0,0,0,0
SEND: TwMU:ZZAA,213,1,0,1,1,68133,0,0,0,0,0
SEND: 2eUM:ZZAA,214,1,0,1,1,68456,0,0,0,0,0
SEND: 5MLr:ZZAA,215,1,0,1,1,68779,0,0,0,0,0
SEND: Tzsk:ZZAA,216,1,0,1,1,69102,0,0,0,0,0
SEND: Gn9e:ZZAA,217,1,0,1,1,69425,0,0,0,0,0
SEND: lTUe:ZZAA,218,1,0,1,1,69748,0,0,0,0,0
SEND: Z71I:ZZAA,219,1,0,1,1,70071,0,0,0,0,0
SEND: dW2c:ZZAA,220,1,0,1,1,70394,0,0,0,0,0
SEND: RZnn:ZZAA,221,1,0,1,1,70717,0,0,0,0,0
SEND: W9o8:ZZAA,222,1,0,1,1,71040,0,0,0,0,0
SEND: zGpT:ZZAA,223,1,0,1,1,71363,0,0,0,0,0
SEND: opba:ZZAA,224,1,0,1,1,71686,0,0,0,0,0
SEND: RuMB:ZZAA,225,1,0,1,1,72009,0,0,0,0,0
SEND: NYqh:ZZAA,226,1,0,1,1,72332,0,0,0,0,0
SEND: mfl2:ZZAA,227,1,0,1,1,72655,0,0,0,0,0
SEND: tHPU:ZZAA,228,1,0,1,1,72978,0,0,0,0,0
SEND: xHzG:ZZAA,229,1,0,1,1,73301,0,0,0,0,0
SEND: dASo:ZZAA,230,1,0,1,1,73624,0,0,0,0,0
SEND: yqQF:ZZAA,231,1,0,1,1,73947,0,0,0,0,0
SEND: xuwv:ZZAA,232,1,0,1,1,74270,0,0,0,0,0
SEND: OEbr:ZZAA,233,1,0,1,1,74593,0,0,0,0,0
SEND: cW6U:ZZAA,234,1,0,1,1,74916,0,0,0,0,0
SEND: WugN:ZZAA,235,1,0,1,1,75239,0,0,0,0,0
SEND: YGZm:ZZAA,236,1,0,1,1,75562,0,0,0,0,0
SEND: bJgH:ZZAA,237,1,0,1,1,75885,0,0,0,0,0
SEND: 2QoG:ZZAA,238,1,0,1,1,76208,0,0,0,0,0
SEND: o9y7:ZZAA,239,1,0,1,1,76531,0,0,0,0,0
SEND: CuNf:ZZAA,240,1,0,1,1,76854,0,0,0,0,0
SEND: Ow7M:ZZAA,241,1,0,1,1,77177,0,0,0,0,0
SEND: fTe2:ZZAA,242,1,0,1,1,77500,0,0,0,0,0
SEND: UcLD:ZZAA,243,1,0,1,1,77823,0,0,0,0,0
SEND: SIwv:ZZAA,244,1,0,1,1,78146,0,0,0,0,0
SEND: 3GQW:ZZAA,245,1,0,1,1,78469,0,0,0,0,0
SEND: n6ud:ZZAA,246,1,0,1,1,78792,0,0,0,0,0
SEND: 24C8:ZZAA,247,1,0,1,1,79115,0,0,0,0,0
SEND: nYIf:ZZAA,248,1,0,1,1,79438,0,0,0,0,0
SEND: 3Rs6:ZZAA,249,1,0,1,1,79761,0,0,0,0,0
SEND: 5z9r:ZZAA,250,1,0,1,1,80084,0,0,0,0,0
SEND: D37j:ZZAA,251,1,0,1,1,80407,0,0,0,0,0
SEND: pWV5:ZZAA,252,1,0,1,1,80730,0,0,0,0,0
SEND: vMNQ:ZZAA,253,1,0,1,1,81053,0,0,0,0,0
SEND: aRgE:ZZAA,254,1,0,1,1,81376,0,0,0,0,0
SEND: PhRW:ZZAA,255,1,0,1,1,81699,0,0,0,0,0
SEND: 3oqD:ZZAA,256,1,0,1,1,82022,0,0,0,0,0
SEND: E2ht:ZZAA,257,1,0,1,1,82345,0,0,0,0,0
SEND: Zmh8:ZZAA,258,1,0,1,1,82668,0,0,0,0,0
SEND: xSao:ZZAA,259,1,0,1,1,82991,0,0,0,0,0
SEND: nt7v:ZZAA,260,1,0,1,1,83314,0,0,0,0,0
SEND: wQra:ZZAA,261,1,0,1,1,83637,0,0,0,0,0
SEND: Ub2Y:ZZAA,262,1,0,1,1,83960,0,0,0,0,0
SEND: Izda:ZZAA,263,1,0,1,1,84283,0,0,0,0,0
SEND: gY9b:ZZAA,264,1,0,1,1,84606,0,0,0,0,0
SEND: Zdls:ZZAA,265,1,0,1,1,84929,0,0,0,0,0
SEND: ApeT:ZZAA,266,1,0,1,1,85252,0,0,0,0,0
SEND: pYez:ZZAA,267,1,0,1,1,85575,0,0,0,0,0
SEND: yJCI:ZZAA,268,1,0,1,1,85898,0,0,0,0,0
SEND: MJRK:ZZAA,269,1,0,1,1,86221,0,0,0,0,0
SEND: 6UcA:ZZAA,270,1,0,1,1,86544,0,0,0,0,0
SEND: dl4h:ZZAA,271,1,0,1,1,86867,0,0,0,0,0
SEND: 4i64:ZZAA,272,1,0,1,1,87190,0,0,0,0,0
SEND: WwDa:ZZAA,273,1,0,1,1,87513,0,0,0,0,0
SEND: vovo:ZZAA,274,1,0,1,1,87836,0,0,0,0,0
SEND: xYhH:ZZAA,275,1,0,1,1,88159,0,0,0,0,0
SEND: FyiX:ZZAA,276,1,0,1,1,88482,0,0,0,0,0
SEND: b2oq:ZZAA,277,1,0,1,1,88805,0,0,0,0,0
SEND: tlru:ZZAA,278,1,0,1,1,89128,0,0,0,0,0
SEND: 39zz:ZZAA,279,1,0,1,1,89451,0,0,0,0,0
SEND: 5prn:ZZAA,280,1,0,1,1,89774,0,0,0,0,0
SEND: uX9l:ZZAA,281,1,0,1,1,90097,0,0,0,0,0
SEND: F3Lg:ZZAA,282,1,0,1,1,90420,0,0,0,0,0
SEND: GHLX:ZZAA,283,1,0,1,1,90743,0,0,0,0,0
SEND: 8TR4:ZZAA,284,1,0,1,1,91066,0,0,0,0,0
SEND: 5k6X:ZZAA,285,1,0,1,1,91389,0,0,0,0,0
SEND: EmTS:ZZAA,286,1,0,1,1,91712,0,0,0,0,0
SEND: qHP9:ZZAA,287,1,0,1,1,92035,0,0,0,0,0
SEND: ZvOn:ZZAA,288,1,0,1,1,92358,0,0,0,0,0
SEND: dH05:ZZAA,289,1,0,1,1,92681,0,0,0,0,0
SEND: bPqI:ZZAA,290,1,0,1,1,93004,0,0,0,0,0
SEND: Gqy6:ZZAA,291,1,0,1,1,93327,0,0,0,0,0
SEND: GxGH:ZZAA,292,1,0,1,1,93650,0,0,0,0,0
SEND: FtYb:ZZAA,293,1,0,1,1,93973,0,0,0,0,0
SEND: lLKh:ZZAA,294,1,0,1,1,94296,0,0,0,0,0
SEND: REez:ZZAA,295,1,0,1,1,94619,0,0,0,0,0
SEND: hH53:ZZAA,296,1,0,1,1,94942,0,0,0,0,0
SEND: BKe3:ZZAA,297,1,0,1,1,95265,0,0,0,0,0
SEND: 2yPF:ZZAA,298,1,0,1,1,95588,0,0,0,0,0
SEND: 9RMA:ZZAA,299,1,0,1,1,95911,0,0,0,0,0
SEND: Pxu3:ZZAA,300,1,0,1,1,96234,0,0,0,0,0
SEND: uies:ZZAA,301,1,0,1,1,96557,0,0,0,0,0
SEND: iMTH:ZZAA,302,1,0,1,1,96880,0,0,0,0,0
SEND: VxWJ:ZZAA,303,1,0,1,1,97203,0,0,0,0,0
SEND: 6DG8:ZZAA,304,1,0,1,1,97526,0,0,0,0,0
SEND: ZSFe:ZZAA,305,1,0,1,1,97849,0,0,0,0,0
SEND: cUh9:ZZAA,306,1,0,1,1,98172,0,0,0,0,0
SEND: 54SG:ZZAA,307,1,0,1,1,98495,0,0,0,0,0
SEND: lRy6:ZZAA,308,1,0,1,1,98818,0,0,0,0,0
SEND: OGKs:ZZAA,309,1,0,1,1,99141,0,0,0,0,0
SEND: w2Ya:ZZAA,310,1,0,1,1,99464,0,0,0,0,0
SEND: RDTc:ZZAA,311,1,0,1,1,99787,0,0,0,0,0
SEND: 7jGM:ZZAA,312,1,0,1,1,100110,0,0,0,0,0
SEND: Y443:ZZAA,313,1,0,1,1,100433,0,0,0,0,0
SEND: h9rm:ZZAA,314,1,0,1,1,100756,0,0,0,0,0
SEND: RA3n:ZZAA,315,1,0,1,1,101079,0,0,0,0,0
SEND: QRal:ZZAA,316,1,0,1,1,101402,0,0,0,0,0
SEND: Lxql:ZZAA,317,1,0,1,1,101725,0,0,0,0,0
SEND: DZMU:ZZAA,318,1,0,1,1,102048,0,0,0,0,0
SEND: Pnip:ZZAA,319,1,0,1,1,102371,0,0,0,0,0
SEND: dcXC:ZZAA,320,1,0,1,1,102694,0,0,0,0,0
SEND: mpyO:ZZAA,321,1,0,1,1,103017,0,0,0,0,0
SEND: 6eti:ZZAA,322,1,0,1,1,103340,0,0,0,0,0
SEND: vuOC:ZZAA,323,1,0,1,1,103663,0,0,0,0,0
SEND: aBuO:ZZAA,324,1,0,1,1,103986,0,0,0,0,0
SEND: z4UX:ZZAA,325,1,0,1,1,104309,0,0,0,0,0
SEND: dyHf:ZZAA,326,1,0,1,1,104632,0,0,0,0,0
SEND: 416j:ZZAA,327,1,0,1,1,104955,0,0,0,0,0
SEND: kuSf:ZZAA,328,1,0,1,1,105278,0,0,0,0,0
SEND: PkSo:ZZAA,329,1,0,1,1,105601,0,0,0,0,0
SEND: PKfA:ZZAA,330,1,0,1,1,105924,0,0,0,0,0
SEND: TUms:ZZAA,331,1,0,1,1,106247,0,0,0,0,0
SEND: lLSQ:ZZAA,332,1,0,1,1,106570,0,0,0,0,0
SEND: iS6A:ZZAA,333,1,0,1,1,106893,0,0,0,0,0
SEND: 99O2:ZZAA,334,1,0,1,1,107216,0,0,0,0,0
SEND: iHgt:ZZAA,335,1,0,1,1,107539,0,0,0,0,0
SEND: OnOP:ZZAA,336,1,0,1,1,107862,0,0,0,0,0
SEND: Yt8h:ZZAA,337,1,0,1,1,108185,0,0,0,0,0
SEND: QeLw:ZZAA,338,1,0,1,1,108508,0,0,0,0,0
SEND: MNb9:ZZAA,339,1,0,1,1,108831,0,0,0,0,0
SEND: 9Fmp:ZZAA,340,1,0,1,1,109154,0,0,0,0,0
SEND: mKaU:ZZAA,341,1,0,1,1,109477,0,0,0,0,0
SEND: jVHY:ZZAA,342,1,0,1,1,109800,0,0,0,0,0
SEND: uHZU:ZZAA,343,1,0,1,1,110123,0,0,0,0,0
SEND: ZMqF:ZZAA,344,1,0,1,1,110446,0,0,0,0,0
SEND: miO3:ZZAA,345,1,0,1,1,110769,0,0,0,0,0
SEND: TIZM:ZZAA,346,1,0,1,1,111092,0,0,0,0,0
SEND: XVmT:ZZAA,347,1,0,1,1,111415,0,0,0,0,0
SEND: ikgq:ZZAA,348,1,0,1,1,111738,0,0,0,0,0
SEND: LKaL:ZZAA,349,1,0,1,1,112061,0,0,0,0,0
SEND: DqUs:ZZAA,350,1,0,1,1,112384,0,0,0,0,0
SEND: L1uf:ZZAA,351,1,0,1,1,112707,0,0,0,0,0
SEND: wGyp:ZZAA,352,1,0,1,1,113030,0,0,0,0,0
SEND: t5CU:ZZAA,353,1,0,1,1,113353,0,0,0,0,0
SEND: oRYu:ZZAA,354,1,0,1,1,113676,0,0,0,0,0
SEND: TNHM:ZZAA,355,1,0,1,1,113999,0,0,0,0,0
SEND: dNlM:ZZAA,356,1,0,1,1,114322,0,0,0,0,0
SEND: Ar5h:ZZAA,357,1,0,1,1,114645,0,0,0,0,0
SEND: 3FjR:ZZAA,358,1,0,1,1,114968,0,0,0,0,0
SEND: 4oVM:ZZAA,359,1,0,1,1,115291,0,0,0,0,0
SEND: lzJv:ZZAA,360,1,0,1,1,115614,0,0,0,0,0
SEND: izwZ:ZZAA,361,1,0,1,1,115937,0,0,0,0,0
SEND: 1kDz:ZZAA,362,1,0,1,1,116260,0,0,0,0,0
SEND: Oy2g:ZZAA,363,1,0,1,1,116583,0,0,0,0,0
SEND: GrRJ:ZZAA,364,1,0,1,1,116906,0,0,0,0,0
SEND: Sy3D:ZZAA,365,1,0,1,1,117229,0,0,0,0,0
SEND: gZyc:ZZAA,366,1,0,1,1,117552,0,0,0,0,0
SEND: 5JV5:ZZAA,367,1,0,1,1,117875,0,0,0,0,0
SEND: 9gxO:ZZAA,368,1,0,1,1,118198,0,0,0,0,0
SEND: m8Z8:ZZAA,369,1,0,1,1,118521,0,0,0,0,0
SEND: 2Dm2:ZZAA,370,1,0,1,1,118844,0,0,0,0,0
SEND: kMm7:ZZAA,371,1,0,1,1,119167,0,0,0,0,0
SEND: Wer2:ZZAA,372,1,0,1,1,119490,0,0,0,0,0
SEND: iVHu:ZZAA,373,1,0,1,1,119813,0,0,0,0,0
SEND: RZPh:ZZAA,374,1,0,1,1,120136,0,0,0,0,0
SEND: QnHq:ZZAA,375,1,0,1,1,120459,0,0,0,0,0
SEND: USQv:ZZAA,376,1,0,1,1,120782,0,0,0,0,0
SEND: zR5O:ZZAA,377,1,0,1,1,121105,0,0,0,0,0
SEND: WFq5:ZZAA,378,1,0,1,1,121428,0,0,0,0,0
SEND: mL7E:ZZAA,379,1,0,1,1,121751,0,0,0,0,0
SEND: DXqL:ZZAA,380,1,0,1,1,122074,0,0,0,0,0
SEND: c5rK:ZZAA,381,1,0,1,1,122397,0,0,0,0,0
SEND: pmE5:ZZAA,382,1,0,1,1,122720,0,0,0,0,0
SEND: hlCR:ZZAA,383,1,0,1,1,123043,0,0,0,0,0
SEND: yfGl:ZZAA,384,1,0,1,1,123366,0,0,0,0,0
SEND: HhQL:ZZAA,385,1,0,1,1,123689,0,0,0,0,0
SEND: nFZR:ZZAA,386,1,0,1,1,124012,0,0,0,0,0
SEND: gp6M:ZZAA,387,1,0,1,1,124335,0,0,0,0,0
SEND: RpjJ:ZZAA,388,1,0,1,1,124658,0,0,0,0,0
SEND: XPA3:ZZAA,389,1,0,1,1,124981,0,0,0,0,0
SEND: t3jU:ZZAA,390,1,0,1,1,125304,0,0,0,0,0
SEND: QVtO:ZZAA,391,1,0,1,1,125627,0,0,0,0,0
SEND: crnT:ZZAA,392,1,0,1,1,125950,0,0,0,0,0
SEND: CkJI:ZZAA,393,1,0,1,1,126273,0,0,0,0,0
SEND: rHTV:ZZAA,394,1,0,1,1,126596,0,0,0,0,0
SEND: J9sX:ZZAA,395,1,0,1,1,126919,0,0,0,0,0
SEND: Yg2E:ZZAA,396,1,0,1,1,127242,0,0,0,0,0
SEND: LUqs:ZZAA,397,1,0,1,1,127565,0,0,0,0,0
SEND: ETvo:ZZAA,398,1,0,1,1,127888,0,0,0,0,0
SEND: kNid:ZZAA,399,1,0,1,1,128211,0,0,0,0,0
SEND: lw8i:ZZAA,400,1,0,1,1,128534,0,0,0,0,0
SEND: qnCr:ZZAA,401,1,0,1,1,128857,0,0,0,0,0
SEND: ZmFZ:ZZAA,402,1,0,1,1,129180,0,0,0,0,0
SEND: hFBM:ZZAA,403,1,0,1,1,129503,0,0,0,0,0
SEND: EDlK:ZZAA,404,1,0,1,1,129826,0,0,0,0,0
SEND: biAs:ZZAA,405,1,0,1,1,130149,0,0,0,0,0
SEND: r5uI:ZZAA,406,1,0,1,1,130472,0,0,0,0,0
SEND: WCzD:ZZAA,407,1,0,1,1,130795,0,0,0,0,0
SEND: ZBlf:ZZAA,408,1,0,1,1,131118,0,0,0,0,0
SEND: zCM2:ZZAA,409,1,0,1,1,131441,0,0,0,0,0
SEND: TyO8:ZZAA,410,1,0,1,1,131764,0,0,0,0,0
SEND: BXpG:ZZAA,411,1,0,1,1,132087,0,0,0,0,0
SEND: ABIw:ZZAA,412,1,0,1,1,132410,0,0,0,0,0
SEND: HHLl:ZZAA,413,1,0,1,1,132733,0,0,0,0,0
SEND: TEHj:ZZAA,414,1,0,1,1,133056,0,0,0,0,0
SEND: EERz:ZZAA,415,1,0,1,1,133379,0,0,0,0,0
SEND: jigE:ZZAA,416,1,0,1,1,133702,0,0,0,0,0
SEND: Z3fX:ZZAA,417,1,0,1,1,134025,0,0,0,0,0
SEND: CN64:ZZAA,418,1,0,1,1,134348,0,0,0,0,0
SEND: 8hri:ZZAA,419,1,0,1,1,134671,0,0,0,0,0
SEND: KnDu:ZZAA,420,1,0,1,1,134994,0,0,0,0,0
SEND: doOJ:ZZAA,421,1,0,1,1,135317,0,0,0,0,0
SEND: F8w6:ZZAA,422,1,0,1,1,135640,0,0,0,0,0
SEND: 2qIF:ZZAA,423,1,0,1,1,135963,0,0,0,0,0
SEND: QbrB:ZZAA,424,1,0,1,1,136286,0,0,0,0,0
SEND: kMPs:ZZAA,425,1,0,1,1,136609,0,0,0,0,0
SEND: 65q4:ZZAA,426,1,0,1,1,136932,0,0,0,0,0
SEND: IbCI:ZZAA,427,1,0,1,1,137255,0,0,0,0,0
SEND: 7bum:ZZAA,428,1,0,1,1,137578,0,0,0,0,0
SEND: Skt7:ZZAA,429,1,0,1,1,137901,0,0,0,0,0
SEND: RsbX:ZZAA,430,1,0,1,1,138224,0,0,0,0,0
SEND: 2mdP:ZZAA,431,1,0,1,1,138547,0,0,0,0,0
SEND: E2vB:ZZAA,432,1,0,1,1,138870,0,0,0,0,0
SEND: aVP3:ZZAA,433,1,0,1,1,139193,0,0,0,0,0
SEND: ATpl:ZZAA,434,1,0,1,1,139516,0,0,0,0,0
SEND: Z3l5:ZZAA,435,1,0,1,1,139839,0,0,0,0,0
SEND: 7l3Y:ZZAA,436,1,0,1,1,140162,0,0,0,0,0
SEND: YQI2:ZZAA,437,1,0,1,1,140485,0,0,0,0,0
SEND: oXaR:ZZAA,438,1,0,1,1,140808,0,0,0,0,0
SEND: Zop8:ZZAA,439,1,0,1,1,141131,0,0,0,0,0
SEND: tGGP:ZZAA,440,1,0,1,1,141454,0,0,0,0,0
SEND: Q5qr:ZZAA,441,1,0,1,1,141777,0,0,0,0,0
SEND: GjK8:ZZAA,442,1,0,1,1,142100,0,0,0,0,0
SEND: LZ1u:ZZAA,443,1,0,1,1,142423,0,0,0,0,0
SEND: SKha:ZZAA,444,1,0,1,1,142746,0,0,0,0,0
SEND: 8OCR:ZZAA,445,1,0,1,1,143069,0,0,0,0,0
SEND: gEmP:ZZAA,446,1,0,1,1,143392,0,0,0,0,0
SEND: kv39:ZZAA,447,1,0,1,1,143715,0,0,0,0,0
SEND: Cofj:ZZAA,448,1,0,1,1,144038,0,0,0,0,0
SEND: Y8yy:ZZAA,449,1,0,1,1,144361,0,0,0,0,0
SEND: OQAF:ZZAA,450,1,0,1,1,144684,0,0,0,0,0
SEND: ZtV5:ZZAA,451,1,0,1,1,145007,0,0,0,0,0
SEND: fKqO:ZZAA,452,1,0,1,1,145330,0,0,0,0,0
SEND: cDv8:ZZAA,453,1,0,1,1,145653,0,0,0,0,0
SEND: 9E7e:ZZAA,454,1,0,1,1,145976,0,0,0,0,0
SEND: 7xSe:ZZAA,455,1,0,1,1,146299,0,0,0,0,0
SEND: e0ZT:ZZAA,456,1,0,1,1,146622,0,0,0,0,0
SEND: 9Ws2:ZZAA,457,1,0,1,1,146945,0,0,0,0,0
SEND: jUZX:ZZAA,458,1,0,1,1,147268,0,0,0,0,0
SEND: prTE:ZZAA,459,1,0,1,1,147591,0,0,0,0,0
SEND: 4sIl:ZZAA,460,1,0,1,1,147914,0,0,0,0,0
SEND: yZ4b:ZZAA,461,1,0,1,1,148237,0,0,0,0,0
SEND: U5Cg:ZZAA,462,1,0,1,1,148560,0,0,0,0,0
SEND: PkxT:ZZAA,463,1,0,1,1,148883,0,0,0,0,0
SEND: Sebg:ZZAA,464,1,0,1,1,149206,0,0,0,0,0
SEND: RePT:ZZAA,465,1,0,1,1,149529,0,0,0,0,0
SEND: NR01:ZZAA,466,1,0,1,1,149852,0,0,0,0,0
SEND: AHJH:ZZAA,467,1,0,1,1,150175,0,0,0,0,0
SEND: x5vy:ZZAA,468,1,0,1,1,150498,0,0,0,0,0
SEND: OZFA:ZZAA,469,1,0,1,1,150821,0,0,0,0,0
SEND: 7yvY:ZZAA,470,1,0,1,1,151144,0,0,0,0,0
SEND: ERrk:ZZAA,471,1,0,1,1,151467,0,0,0,0,0
SEND: a6XV:ZZAA,472,1,0,1,1,151790,0,0,0,0,0
SEND: xqE4:ZZAA,473,1,0,1,1,152113,0,0,0,0,0
SEND: a7vi:ZZAA,474,1,0,1,1,152436,0,0,0,0,0
SEND: NxbT:ZZAA,475,1,0,1,1,152759,0,0,0,0,0
SEND: 4SOc:ZZAA,476,1,0,1,1,153082,0,0,0,0,0
SEND: GKx3:ZZAA,477,1,0,1,1,153405,0,0,0,0,0
SEND: ZE5B:ZZAA,478,1,0,1,1,153728,0,0,0,0,0
SEND: ysrw:ZZAA,479,1,0,1,1,154051,0,0,0,0,0
SEND: 6fza:ZZAA,480,1,0,1,1,154374,0,0,0,0,0
SEND: T7Db:ZZAA,481,1,0,1,1,154697,0,0,0,0,0
SEND: LXpF:ZZAA,482,1,0,1,1,155020,0,0,0,0,0
SEND: SWMA:ZZAA,483,1,0,1,1,155343,0,0,0,0,0
SEND: 70ow:ZZAA,484,1,0,1,1,155666,0,0,0,0,0
SEND: EsS0:ZZAA,485,1,0,1,1,155989,0,0,0,0,0
SEND: Ukss:ZZAA,486,1,0,1,1,156312,0,0,0,0,0
SEND: paBr:ZZAA,487,1,0,1,1,156635,0,0,0,0,0
SEND: Qf9i:ZZAA,488,1,0,1,1,156958,0,0,0,0,0
SEND: fbdX:ZZAA,489,1,0,1,1,157281,0,0,0,0,0
SEND: efPl:ZZAA,490,1,0,1,1,157604,0,0,0,0,0
SEND: LUTq:ZZAA,491,1,0,1,1,157927,0,0,0,0,0
SEND: m75o:ZZAA,492,1,0,1,1,158250,0,0,0,0,0
SEND: vqOF:ZZAA,493,1,0,1,1,158573,0,0,0,0,0
SEND: iokl:ZZAA,494,1,0,1,1,158896,0,0,0,0,0
SEND: dPAm:ZZAA,495,1,0,1,1,159219,0,0,0,0,0
SEND: zVlp:ZZAA,496,1,0,1,1,159542,0,0,0,0,0
SEND: Yq36:ZZAA,497,1,0,1,1,159865,0,0,0,0,0
SEND: bc60:ZZAA,498,1,0,1,1,160188,0,0,0,0,0
SEND: aGii:ZZAA,499,1,0,1,1,160511,0,0,0,0,0
SEND: pEVh:ZZAA,500,1,0,1,1,160834,0,0,0,0,0
SEND: 54nG:ZZAA,501,1,0,1,1,161157,0,0,0,0,0
SEND: 1ct9:ZZAA,502,1,0,1,1,161480,0,0,0,0,0
SEND: fW64:ZZAA,503,1,0,1,1,161803,0,0,0,0,0
SEND: DVJg:ZZAA,504,1,0,1,1,162126,0,0,0,0,0
SEND: EkZE:ZZAA,505,1,0,1,1,162449,0,0,0,0,0
SEND: MYvb:ZZAA,506,1,0,1,1,162772,0,0,0,0,0
SEND: 0HmO:ZZAA,507,1,0,1,1,163095,0,0,0,0,0
SEND: qx1Y:ZZAA,508,1,0,1,1,163418,0,0,0,0,0
SEND: ETCG:ZZAA,509,1,0,1,1,163741,0,0,0,0,0
SEND: Z0YY:ZZAA,510,1,0,1,1,164064,0,0,0,0,0
SEND: ILPt:ZZAA,511,1,0,1,1,164387,0,0,0,0,0
SEND: xrQw:ZZAA,512,1,0,1,1,164710,0,0,0,0,0
SEND: NwFl:ZZAA,513,1,0,1,1,165033,0,0,0,0,0
SEND: A1oB:ZZAA,514,1,0,1,1,165356,0,0,0,0,0
SEND: biZn:ZZAA,515,1,0,1,1,165679,0,0,0,0,0
SEND: LNT8:ZZAA,516,1,0,1,1,166002,0,0,0,0,0
SEND: mWhL:ZZAA,517,1,0,1,1,166325,0,0,0,0,0
SEND: DUmO:ZZAA,518,1,0,1,1,166648,0,0,0,0,0
SEND: 7i0T:ZZAA,519,1,0,1,1,166971,0,0,0,0,0
SEND: 2hsM:ZZAA,520,1,0,1,1,167294,0,0,0,0,0
SEND: A74t:ZZAA,521,1,0,1,1,167617,0,0,0,0,0
SEND: 2PNe:ZZAA,522,1,0,1,1,167940,0,0,0,0,0
SEND: 0Ki1:ZZAA,523,1,0,1,1,168263,0,0,0,0,0
SEND: zMhd:ZZAA,524,1,0,1,1,168586,0,0,0,0,0
SEND: 1aQB:ZZAA,525,1,0,1,1,168909,0,0,0,0,0
SEND: qvK2:ZZAA,526,1,0,1,1,169232,0,0,0,0,0
SEND: bUQ5:ZZAA,527,1,0,1,1,169555,0,0,0,0,0
SEND: ekYf:ZZAA,528,1,0,1,1,169878,0,0,0,0,0
SEND: dVcT:ZZAA,529,1,0,1,1,170201,0,0,0,0,0
SEND: 9jOI:ZZAA,530,1,0,1,1,170524,0,0,0,0,0
SEND: 4JSY:ZZAA,531,1,0,1,1,170847,0,0,0,0,0
SEND: HxPR:ZZAA,532,1,0,1,1,171170,0,0,0,0,0
SEND: scCb:ZZAA,533,1,0,1,1,171493,0,0,0,0,0
SEND: wt5x:ZZAA,534,1,0,1,1,171816,0,0,0,0,0
SEND: sKNu:ZZAA,535,1,0,1,1,172139,0,0,0,0,0
SEND: saPr:ZZAA,536,1,0,1,1,172462,0,0,0,0,0
SEND: dD07:ZZAA,537,1,0,1,1,172785,0,0,0,0,0
SEND: 26Pv:ZZAA,538,1,0,1,1,173108,0,0,0,0,0
SEND: yHKK:ZZAA,539,1,0,1,1,173431,0,0,0,0,0
SEND: UddH:ZZAA,540,1,0,1,1,173754,0,0,0,0,0
SEND: Sgn5:ZZAA,541,1,0,1,1,174077,0,0,0,0,0
SEND: hWmN:ZZAA,542,1,0,1,1,174400,0,0,0,0,0
SEND: snIU:ZZAA,543,1,0,1,1,174723,0,0,0,0,0
SEND: Cblr:ZZAA,544,1,0,1,1,175046,0,0,0,0,0
SEND: lHzp:ZZAA,545,1,0,1,1,175369,0,0,0,0,0
SEND: RwzM:ZZAA,546,1,0,1,1,175692,0,0,0,0,0
SEND: SURK:ZZAA,547,1,0,1,1,176015,0,0,0,0,0
SEND: lOoB:ZZAA,548,1,0,1,1,176338,0,0,0,0,0
SEND: JIFd:ZZAA,549,1,0,1,1,176661,0,0,0,0,0
SEND: vVwQ:ZZAA,550,1,0,1,1,176984,0,0,0,0,0
SEND: cyD7:ZZAA,551,1,0,1,1,177307,0,0,0,0,0
SEND: oL7d:ZZAA,552,1,0,1,1,177630,0,0,0,0,0
SEND: tGpr:ZZAA,553,1,0,1,1,177953,0,0,0,0,0
SEND: fhHf:ZZAA,554,1,0,1,1,178276,0,0,0,0,0
SEND: 8ZOm:ZZAA,555,1,0,1,1,178599,0,0,0,0,0
SEND: pQQ1:ZZAA,556,1,0,1,1,178922,0,0,0,0,0
SEND: JHHQ:ZZAA,557,1,0,1,1,179245,0,0,0,0,0
SEND: OHkp:ZZAA,558,1,0,1,1,179568,0,0,0,0,0
SEND: i0Zt:ZZAA,559,1,0,1,1,179891,0,0,0,0,0
SEND: zbi8:ZZAA,560,1,0,1,1,180214,0,0,0,0,0
SEND: SGwm:ZZAA,561,1,0,1,1,180537,0,0,0,0,0
SEND: Gewg:ZZAA,562,1,0,1,1,180860,0,0,0,0,0
SEND: eCe8:ZZAA,563,1,0,1,1,181183,0,0,0,0,0
SEND: 8oTS:ZZAA,564,1,0,1,1,181506,0,0,0,0,0
SEND: zpbT:ZZAA,565,1,0,1,1,181829,0,0,0,0,0
SEND: uXE7:ZZAA,566,1,0,1,1,182152,0,0,0,0,0
SEND: vdXC:ZZAA,567,1,0,1,1,182475,0,0,0,0,0
SEND: o1m4:ZZAA,568,1,0,1,1,182798,0,0,0,0,0
SEND: o1jP:ZZAA,569,1,0,1,1,183121,0,0,0,0,0
SEND: 4uJb:ZZAA,570,1,0,1,1,183444,0,0,0,0,0
SEND: vKVG:ZZAA,571,1,0,1,1,183767,0,0,0,0,0
SEND: EKgC:ZZAA,572,1,0,1,1,184090,0,0,0,0,0
SEND: C8lD:ZZAA,573,1,0,1,1,184413,0,0,0,0,0
SEND: HPpH:ZZAA,574,1,0,1,1,184736,0,0,0,0,0
SEND: 1vF1:ZZAA,575,1,0,1,1,185059,0,0,0,0,0
SEND: R6uf:ZZAA,576,1,0,1,1,185382,0,0,0,0,0
SEND: bcCd:ZZAA,577,1,0,1,1,185705,0,0,0,0,0
SEND: TYuS:ZZAA,578,1,0,1,1,186028,0,0,0,0,0
SEND: RT3z:ZZAA,579,1,0,1,1,186351,0,0,0,0,0
SEND: DeHh:ZZAA,580,1,0,1,1,186674,0,0,0,0,0
SEND: 8SiX:ZZAA,581,1,0,1,1,186997,0,0,0,0,0
SEND: 0cOt:ZZAA,582,1,0,1,1,187320,0,0,0,0,0
SEND: xy5F:ZZAA,583,1,0,1,1,187643,0,0,0,0,0
SEND: esUe:ZZAA,584,1,0,1,1,187966,0,0,0,0,0
