SEND: jjA6:ZZAB,29,1,0,1,1,9127,0,0,0,0,0
SEND: LvdI:ZZAB,30,1,0,1,1,9444,0,0,0,0,0
SEND: q1CY:ZZAB,31,1,0,1,1,9761,0,0,0,0,0
SEND: mb7j:ZZAB,32,1,0,1,1,10078,0,0,0,0,0
SEND: rf2E:ZZAB,33,1,0,1,1,10395,0,0,0,0,0
SEND: DTmp:ZZAB,34,1,0,1,1,10712,0,0,0,0,0
SEND: GiSh:ZZAB,35,1,0,1,1,11029,0,0,0,0,0
SEND: ZzAb:ZZAB,36,1,0,1,1,11346,0,0,0,0,0
SEND: uBSc:ZZAB,37,1,0,1,1,11663,0,0,0,0,0
SEND: DXyT:ZZAB,38,1,0,1,1,11980,0,0,0,0,0
SEND: CUID:ZZAB,39,1,0,1,1,12297,0,0,0,0,0
SEND: DEK4:ZZAB,40,1,0,1,1,12614,0,0,0,0,0
SEND: iiwb:ZZAB,41,1,0,1,1,12931,0,0,0,0,0
SEND: V0Ev:ZZAB,42,1,0,1,1,13248,0,0,0,0,0
SEND: oSBX:ZZAB,43,1,0,1,1,13565,0,0,0,0,0
SEND: XUWT:ZZAB,44,1,0,1,1,13882,0,0,0,0,0
SEND: ETFq:ZZAB,45,1,0,1,1,14199,0,0,0,0,0
SEND: yGeL:ZZAB,46,1,0,1,1,14516,0,0,0,0,0
SEND: r5li:ZZAB,47,1,0,1,1,14833,0,0,0,0,0
SEND: 7uDY:ZZAB,48,1,0,1,1,15150,0,0,0,0,0
SEND: Rvc2:ZZAB,49,1,0,1,1,15467,0,0,0,0,0
SEND: 7NL4:ZZAB,50,1,0,1,1,15784,0,0,0,0,0
SEND: o6TI:ZZAB,51,1,0,1,1,16101,0,0,0,0,0
SEND: C6Xi:ZZAB,52,1,0,1,1,16418,0,0,0,0,0
SEND: pN5W:ZZAB,53,1,0,1,1,16735,0,0,0,0,0
SEND: HW3z:ZZAB,54,1,0,1,1,17052,0,0,0,0,0
SEND: R6Cc:ZZAB,55,1,0,1,1,17369,0,0,0,0,0
SEND: kX4t:ZZAB,56,1,0,1,1,17686,0,0,0,0,0
SEND: LIXS:ZZAB,57,1,0,1,1,18003,0,0,0,0,0
SEND: ysZk:ZZAB,58,1,0,1,1,18320,0,0,0,0,0
SEND: ufLq:ZZAB,59,1,0,1,1,18637,0,0,0,0,0
SEND: E0DX:ZZAB,60,1,0,1,1,18954,0,0,0,0,0
SEND: y10A:ZZAB,61,1,0,1,1,19271,0,0,0,0,0
SEND: CiiB:ZZAB,62,1,0,1,1,19588,0,0,0,0,0
SEND: 2ePx:ZZAB,63,1,0,1,1,19905,0,0,0,0,0
SEND: nlbM:ZZAB,64,1,0,1,1,20222,0,0,0,0,0
SEND: tSZG:ZZAB,65,1,0,1,1,20539,0,0,0,0,0
SEND: cDxA:ZZAB,66,1,0,1,1,20856,0,0,0,0,0
SEND: 0oZ7:ZZAB,67,1,0,1,1,21173,0,0,0,0,0
SEND: Zvl3:ZZAB,68,1,0,1,1,21490,0,0,0,0,0
SEND: Kppd:ZZAB,69,1,0,1,1,21807,0,0,0,0,0
SEND: vEDm:ZZAB,70,1,0,1,1,22124,0,0,0,0,0
SEND: sc2U:ZZAB,71,1,0,1,1,22441,0,0,0,0,0
SEND: 0S2T:ZZAB,72,1,0,1,1,22758,0,0,0,0,0
SEND: QYIS:ZZAB,73,1,0,1,1,23075,0,0,0,0,0
SEND: ZOSk:ZZAB,74,1,0,1,1,23392,0,0,0,0,0
SEND: WE11:ZZAB,75,1,0,1,1,23709,0,0,0,0,0
SEND: Imee:ZZAB,76,1,0,1,1,24026,0,0,0,0,0
SEND: nRZ9:ZZAB,77,1,0,1,1,24343,0,0,0,0,0
SEND: w5PK:ZZAB,78,1,0,1,1,24660,0,0,0,0,0
SEND: 4dqZ:ZZAB,79,1,0,1,1,24977,0,0,0,0,0
SEND: r0sG:ZZAB,80,1,0,1,1,25294,0,0,0,0,0
SEND: dj5B:ZZAB,81,1,0,1,1,25611,0,0,0,0,0
SEND: NMDj:ZZAB,82,1,0,1,1,25928,0,0,0,0,0
SEND: ZtzP:ZZAB,83,1,0,1,1,26245,0,0,0,0,0
SEND: ojqn:ZZAB,84,1,0,1,1,26562,0,0,0,0,0
SEND: SVIK:ZZAB,85,1,0,1,1,26879,0,0,0,0,0
SEND: Ef5m:ZZAB,86,1,0,1,1,27196,0,0,0,0,0
SEND: creL:ZZAB,87,1,0,1,1,27513,0,0,0,0,0
SEND: zLs4:ZZAB,88,1,0,1,1,27830,0,0,0,0,0
SEND: EHUs:ZZAB,89,1,0,1,1,28147,0,0,0,0,0
SEND: InGf:ZZAB,90,1,0,1,1,28464,0,0,0,0,0
SEND: bSO8:ZZAB,91,1,0,1,1,28781,0,0,0,0,0
SEND: ecF8:ZZAB,92,1,0,1,1,29098,0,0,0,0,0
SEND: e45g:ZZAB,93,1,0,1,1,29415,0,0,0,0,0
SEND: L4RK:ZZAB,94,1,0,1,1,29732,0,0,0,0,0
SEND: XtU1:ZZAB,95,1,0,1,1,30049,0,0,0,0,0
SEND: qRps:ZZAB,96,1,0,1,1,30366,0,0,0,0,0
SEND: P0wX:ZZAB,97,1,0,1,1,30683,0,0,0,0,0
SEND: UOz7:ZZAB,98,1,0,1,1,31000,0,0,0,0,0
SEND: YqJK:ZZAB,99,1,0,1,1,31317,0,0,0,0,0
SEND: Vi3l:ZZAB,100,1,0,1,1,31634,0,0,0,0,0
SEND: eYvs:ZZAB,101,1,0,1,1,31957,0,0,0,0,0
SEND: HKVI:ZZAB,102,1,0,1,1,32280,0,0,0,0,0
SEND: dc24:ZZAB,103,1,0,1,1,32603,0,0,0,0,0
SEND: 8HKJ:ZZAB,104,1,0,1,1,32926,0,0,0,0,0
SEND: SnM3:ZZAB,105,1,0,1,1,33249,0,0,0,0,0
SEND: Uw5A:ZZAB,106,1,0,1,1,33572,0,0,0,0,0
SEND: V8k6:ZZAB,107,1,0,1,1,33895,0,0,0,0,0
SEND: EBUq:ZZAB,108,1,0,1,1,34218,0,0,0,0,0
SEND: wMPn:ZZAB,109,1,0,1,1,34541,0,0,0,0,0
SEND: 0HdF:ZZAB,110,1,0,1,1,34864,0,0,0,0,0
SEND: KaEJ:ZZAB,111,1,0,1,1,35187,0,0,0,0,0
SEND: jixj:ZZAB,112,1,0,1,1,35510,0,0,0,0,0
SEND: IBBq:ZZAB,113,1,0,1,1,35833,0,0,0,0,0
SEND: SHWK:ZZAB,114,1,0,1,1,36156,0,0,0,0,0
SEND: pAIQ:ZZAB,115,1,0,1,1,36479,0,0,0,0,0
SEND: S6Ul:ZZAB,116,1,0,1,1,36802,0,0,0,0,0
SEND: WolQ:ZZAB,117,1,0,1,1,37125,0,0,0,0,0
SEND: JhFw:ZZAB,118,1,0,1,1,37448,0,0,0,0,0
SEND: RbyE:ZZAB,119,1,0,1,1,37771,0,0,0,0,0
SEND: 07Hg:ZZAB,120,1,0,1,1,38094,0,0,0,0,0
SEND: 8seZ:ZZAB,121,1,0,1,1,38417,0,0,0,0,0
SEND: OIkN:ZZAB,122,1,0,1,1,38740,0,0,0,0,0
SEND: oMt7:ZZAB,123,1,0,1,1,39063,0,0,0,0,0
SEND: TA3a:ZZAB,124,1,0,1,1,39386,0,0,0,0,0
SEND: R6Wv:ZZAB,125,1,0,1,1,39709,0,0,0,0,0
SEND: xFdF:ZZAB,126,1,0,1,1,40032,0,0,0,0,0
SEND: YcZO:ZZAB,127,1,0,1,1,40355,0,0,0,0,0
SEND: 1c1a:ZZAB,128,1,0,1,1,40678,0,0,0,0,0
SEND: BkOM:ZZAB,129,1,0,1,1,41001,0,0,0,0,0
SEND: rVAi:ZZAB,130,1,0,1,1,41324,0,0,0,0,0
SEND: iPNr:ZZAB,131,1,0,1,1,41647,0,0,0,0,0
SEND: scrY:ZZAB,132,1,0,1,1,41970,0,0,0,0,0
SEND: gsjW:ZZAB,133,1,0,1,1,42293,0,0,0,0,0
SEND: emQh:ZZAB,134,1,0,1,1,42616,0,0,0,0,0
SEND: lKUs:ZZAB,135,1,0,1,1,42939,0,0,0,0,0
SEND: qaeW:ZZAB,136,1,0,1,1,43262,0,0,0,0,0
SEND: 3h06:ZZAB,137,1,0,1,1,43585,0,0,0,0,0
SEND: lxTp:ZZAB,138,1,0,1,1,43908,0,0,0,0,0
SEND: uT8q:ZZAB,139,1,0,1,1,44231,0,0,0,0,0
SEND: ArTu:ZZAB,140,1,0,1,1,44554,0,0,0,0,0
SEND: p9gU:ZZAB,141,1,0,1,1,44877,0,0,0,0,0
SEND: zIli:ZZAB,142,1,0,1,1,45200,0,0,0,0,0
SEND: mR3I:ZZAB,143,1,0,1,1,45523,0,0,0,0,0
SEND: BABG:ZZAB,144,1,0,1,1,45846,0,0,0,0,0
SEND: 7wa9:ZZAB,145,1,0,1,1,46169,0,0,0,0,0
SEND: nl4L:ZZAB,146,1,0,1,1,46492,0,0,0,0,0
SEND: xj1D:ZZAB,147,1,0,1,1,46815,0,0,0,0,0
SEND: RvAf:ZZAB,148,1,0,1,1,47138,0,0,0,0,0
SEND: B1Jw:ZZAB,149,1,0,1,1,47461,0,0,0,0,0
SEND: Nbxp:ZZAB,150,1,0,1,1,47784,0,0,0,0,0
SEND: EeSI:ZZAB,151,1,0,1,1,48107,0,0,0,0,0
SEND: MLtY:ZZAB,152,1,0,1,1,48430,0,0,0,0,0
SEND: 9Wry:ZZAB,153,1,0,1,1,48753,0,0,0,0,0
SEND: NBIe:ZZAB,154,1,0,1,1,49076,0,0,0,0,0
SEND: wMz7:ZZAB,155,1,0,1,1,49399,0,0,0,0,0
SEND: 9beL:ZZAB,156,1,0,1,1,49722,0,0,0,0,0
SEND: KTF7:ZZAB,157,1,0,1,1,50045,0,0,0,0,0
SEND: ju24:ZZAB,158,1,0,1,1,50368,0,0,0,0,0
SEND: tsqm:ZZAB,159,1,0,1,1,50691,0,0,0,0,0
SEND: 9A7s:ZZAB,160,1,0,1,1,51014,0,0,0,0,0
SEND: wXrH:ZZAB,161,1,0,1,1,51337,0,0,0,0,0
SEND: GazL:ZZAB,162,1,0,1,1,51660,0,0,0,0,0
SEND: rt8Z:ZZAB,163,1,0,1,1,51983,0,0,0,0,0
SEND: 4Rs0:ZZAB,164,1,0,1,1,52306,0,0,0,0,0
SEND: PQKC:ZZAB,165,1,0,1,1,52629,0,0,0,0,0
SEND: t9Ed:ZZAB,166,1,0,1,1,52952,0,0,0,0,0
SEND: bj8h:ZZAB,167,1,0,1,1,53275,0,0,0,0,0
SEND: CWbR:ZZAB,168,1,0,1,1,53598,0,0,0,0,0
SEND: 9yJg:ZZAB,169,1,0,1,1,53921,0,0,0,0,0
SEND: MlYp:ZZAB,170,1,0,1,1,54244,0,0,0,0,0
SEND: xQcs:ZZAB,171,1,0,1,1,54567,0,0,0,0,0
SEND: vsE3:ZZAB,172,1,0,1,1,54890,0,0,0,0,0
SEND: isT3:ZZAB,173,1,0,1,1,55213,0,0,0,0,0
SEND: FcE7:ZZAB,174,1,0,1,1,55536,0,0,0,0,0
SEND: Sbne:ZZAB,175,1,0,1,1,55859,0,0,0,0,0
SEND: 3KvE:ZZAB,176,1,0,1,1,56182,0,0,0,0,0
SEND: v3ko:ZZAB,177,1,0,1,1,56505,0,0,0,0,0
SEND: 0ktJ:ZZAB,178,1,0,1,1,56828,0,0,0,0,0
SEND: lrle:ZZAB,179,1,0,1,1,57151,0,0,0,0,0
SEND: Zb86:ZZAB,180,1,0,1,1,57474,0,0,0,0,0
SEND: mjyC:ZZAB,181,1,0,1,1,57797,0,0,0,0,0
SEND: c1pW:ZZAB,182,1,0,1,1,58120,0,0,0,0,0
SEND: bY5l:ZZAB,183,1,0,1,1,58443,0,0,0,0,0
SEND: yN72:ZZAB,184,1,0,1,1,58766,0,0,0,0,0
SEND: Ce8o:ZZAB,185,1,0,1,1,59089,0,0,0,0,0
SEND: jiif:ZZAB,186,1,0,1,1,59412,0,0,0,0,0
SEND: Y43X:ZZAB,187,1,0,1,1,59735,0,0,0,0,0
SEND: 9uRc:ZZAB,188,1,0,1,1,60058,0,0,0,0,0
SEND: zKwI:ZZAB,189,1,0,1,1,60381,0,0,0,0,0
SEND: WKe2:ZZAB,190,1,0,1,1,60704,0,0,0,0,0
SEND: WXvy:ZZAB,191,1,0,1,1,61027,0,0,0,0,0
SEND: iFeF:ZZAB,192,1,0,1,1,61350,0,0,0,0,0
SEND: 9APx:ZZAB,193,1,0,1,1,61673,0,0,0,0,0
SEND: 4XI5:ZZAB,194,1,0,1,1,61996,0,0,0,0,0
SEND: BC8c:ZZAB,195,1,0,1,1,62319,0,0,0,0,0
SEND: XBou:ZZAB,196,1,0,1,1,62642,0,0,0,0,0
SEND: OGDi:ZZAB,197,1,0,1,1,62965,0,0,0,0,0
SEND: oacp:ZZAB,198,1,0,1,1,63288,0,0,0,0,0
SEND: bzFK:ZZAB,199,1,0,1,1,63611,0,0,0,0,0
SEND: MzCA:ZZAB,200,1,0,1,1,63934,0,0,0,0,0
SEND: WiDZ:ZZAB,201,1,0,1,1,64257,0,0,0,0,0
SEND: iviD:ZZAB,202,1,0,1,1,64580,0,0,0,0,0
SEND: sxI3:ZZAB,203,1,0,1,1,64903,0,0,0,0,0
SEND: Q8f3:ZZAB,204,1,0,1,1,65226,0,0,0,0,0
SEND: xRad:ZZAB,205,1,0,1,1,65549,0,0,0,0,0
SEND: 1I4L:ZZAB,206,1,0,1,1,65872,0,0,0,0,0
SEND: tV8h:ZZAB,207,1,0,1,1,66195,0,0,0,0,0
SEND: DhMt:ZZAB,208,1,0,1,1,66518,0,0,0,0,0
SEND: nlGB:ZZAB,209,1,0,1,1,66841,0,0,0,0,0
SEND: UDgM:ZZAB,210,1,0,1,1,67164,0,0,0,0,0
SEND: LApb:ZZAB,211,1,0,1,1,67487,0,0,0,0,0
SEND: MnGh:ZZAB,212,1,0,1,1,67810,0,0,0,0,0
SEND: sMiy:ZZAB,213,1,0,1,1,68133,0,0,0,0,0
SEND: 1uEq:ZZAB,214,1,0,1,1,68456,0,0,0,0,0
SEND: 6Ka9:ZZAB,215,1,0,1,1,68779,0,0,0,0,0
SEND: kvt7:ZZAB,216,1,0,1,1,69102,0,0,0,0,0
SEND: tBgY:ZZAB,217,1,0,1,1,69425,0,0,0,0,0
SEND: 4yxI:ZZAB,218,1,0,1,1,69748,0,0,0,0,0
SEND: WhGa:ZZAB,219,1,0,1,1,70071,0,0,0,0,0
SEND: kb9i:ZZAB,220,1,0,1,1,70394,0,0,0,0,0
SEND: sk0D:ZZAB,221,1,0,1,1,70717,0,0,0,0,0
SEND: PMmy:ZZAB,222,1,0,1,1,71040,0,0,0,0,0
SEND: 8468:ZZAB,223,1,0,1,1,71363,0,0,0,0,0
SEND: L72R:ZZAB,224,1,0,1,1,71686,0,0,0,0,0
SEND: uWO2:ZZAB,225,1,0,1,1,72009,0,0,0,0,0
SEND: 4Hza:ZZAB,226,1,0,1,1,72332,0,0,0,0,0
SEND: tZv8:ZZAB,227,1,0,1,1,72655,0,0,0,0,0
SEND: K9hE:ZZAB,228,1,0,1,1,72978,0,0,0,0,0
SEND: YyZR:ZZAB,229,1,0,1,1,73301,0,0,0,0,0
SEND: GEN2:ZZAB,230,1,0,1,1,73624,0,0,0,0,0
SEND: 7lOw:ZZAB,231,1,0,1,1,73947,0,0,0,0,0
SEND: APoi:ZZAB,232,1,0,1,1,74270,0,0,0,0,0
SEND: LHDO:ZZAB,233,1,0,1,1,74593,0,0,0,0,0
SEND: tJwC:ZZAB,234,1,0,1,1,74916,0,0,0,0,0
SEND: ZW5h:ZZAB,235,1,0,1,1,75239,0,0,0,0,0
SEND: nM0J:ZZAB,236,1,0,1,1,75562,0,0,0,0,0
SEND: 8ZD0:ZZAB,237,1,0,1,1,75885,0,0,0,0,0
SEND: T7Wd:ZZAB,238,1,0,1,1,76208,0,0,0,0,0
SEND: 9uuM:ZZAB,239,1,0,1,1,76531,0,0,0,0,0
SEND: HFH2:ZZAB,240,1,0,1,1,76854,0,0,0,0,0
SEND: fvfM:ZZAB,241,1,0,1,1,77177,0,0,0,0,0
SEND: YNqv:ZZAB,242,1,0,1,1,77500,0,0,0,0,0
SEND: fM2M:ZZAB,243,1,0,1,1,77823,0,0,0,0,0
SEND: NQDY:ZZAB,244,1,0,1,1,78146,0,0,0,0,0
SEND: c6T0:ZZAB,245,1,0,1,1,78469,0,0,0,0,0
SEND: U2NO:ZZAB,246,1,0,1,1,78792,0,0,0,0,0
SEND: lwt5:ZZAB,247,1,0,1,1,79115,0,0,0,0,0
SEND: Awm3:ZZAB,248,1,0,1,1,79438,0,0,0,0,0
SEND: cVCd:ZZAB,249,1,0,1,1,79761,0,0,0,0,0
SEND: 8o23:ZZAB,250,1,0,1,1,80084,0,0,0,0,0
SEND: o5qU:ZZAB,251,1,0,1,1,80407,0,0,0,0,0
SEND: iYOm:ZZAB,252,1,0,1,1,80730,0,0,0,0,0
SEND: qrhX:ZZAB,253,1,0,1,1,81053,0,0,0,0,0
SEND: jyj3:ZZAB,254,1,0,1,1,81376,0,0,0,0,0
SEND: KMmC:ZZAB,255,1,0,1,1,81699,0,0,0,0,0
SEND: 8KF2:ZZAB,256,1,0,1,1,82022,0,0,0,0,0
SEND: z2BW:ZZAB,257,1,0,1,1,82345,0,0,0,0,0
SEND: oDfG:ZZAB,258,1,0,1,1,82668,0,0,0,0,0
SEND: 8Lv7:ZZAB,259,1,0,1,1,82991,0,0,0,0,0
SEND: qObe:ZZAB,260,1,0,1,1,83314,0,0,0,0,0
SEND: BJfw:ZZAB,261,1,0,1,1,83637,0,0,0,0,0
SEND: 7NnZ:ZZAB,262,1,0,1,1,83960,0,0,0,0,0
SEND: jvjz:ZZAB,263,1,0,1,1,84283,0,0,0,0,0
SEND: T4M3:ZZAB,264,1,0,1,1,84606,0,0,0,0,0
SEND: Q8yH:ZZAB,265,1,0,1,1,84929,0,0,0,0,0
SEND: 1g42:ZZAB,266,1,0,1,1,85252,0,0,0,0,0
SEND: s5Cp:ZZAB,267,1,0,1,1,85575,0,0,0,0,0
SEND: ljrF:ZZAB,268,1,0,1,1,85898,0,0,0,0,0
SEND: nXQ1:ZZAB,269,1,0,1,1,86221,0,0,0,0,0
SEND: dsYS:ZZAB,270,1,0,1,1,86544,0,0,0,0,0
SEND: eDwN:ZZAB,271,1,0,1,1,86867,0,0,0,0,0
SEND: VxvR:ZZAB,272,1,0,1,1,87190,0,0,0,0,0
SEND: BUME:ZZAB,273,1,0,1,1,87513,0,0,0,0,0
SEND: qxQk:ZZAB,274,1,0,1,1,87836,0,0,0,0,0
SEND: Anap:ZZAB,275,1,0,1,1,88159,0,0,0,0,0
SEND: q4to:ZZAB,276,1,0,1,1,88482,0,0,0,0,0
SEND: ibYt:ZZAB,277,1,0,1,1,88805,0,0,0,0,0
SEND: afij:ZZAB,278,1,0,1,1,89128,0,0,0,0,0
SEND: Ci5Q:ZZAB,279,1,0,1,1,89451,0,0,0,0,0
SEND: wUlO:ZZAB,280,1,0,1,1,89774,0,0,0,0,0
SEND: vWP2:ZZAB,281,1,0,1,1,90097,0,0,0,0,0
SEND: s2Tn:ZZAB,282,1,0,1,1,90420,0,0,0,0,0
SEND: drtU:ZZAB,283,1,0,1,1,90743,0,0,0,0,0
SEND: xmuq:ZZAB,284,1,0,1,1,91066,0,0,0,0,0
SEND: yYtO:ZZAB,285,1,0,1,1,91389,0,0,0,0,0
SEND: RTdw:ZZAB,286,1,0,1,1,91712,0,0,0,0,0
SEND: lPnk:ZZAB,287,1,0,1,1,92035,0,0,0,0,0
SEND: exM6:ZZAB,288,1,0,1,1,92358,0,0,0,0,0
SEND: IAcR:ZZAB,289,1,0,1,1,92681,0,0,0,0,0
SEND: QTEF:ZZAB,290,1,0,1,1,93004,0,0,0,0,0
SEND: h6iC:ZZAB,291,1,0,1,1,93327,0,0,0,0,0
SEND: bmDm:ZZAB,292,1,0,1,1,93650,0,0,0,0,0
SEND: scy3:ZZAB,293,1,0,1,1,93973,0,0,0,0,0
SEND: 4cOE:ZZAB,294,1,0,1,1,94296,0,0,0,0,0
SEND: CiBg:ZZAB,295,1,0,1,1,94619,0,0,0,0,0
SEND: G7Ij:ZZAB,296,1,0,1,1,94942,0,0,0,0,0
SEND: qAe6:ZZAB,297,1,0,1,1,95265,0,0,0,0,0
SEND: XtuX:ZZAB,298,1,0,1,1,95588,0,0,0,0,0
SEND: Yefk:ZZAB,299,1,0,1,1,95911,0,0,0,0,0
SEND: gdnE:ZZAB,300,1,0,1,1,96234,0,0,0,0,0
SEND: LHaU:ZZAB,301,1,0,1,1,96557,0,0,0,0,0
SEND: t48m:ZZAB,302,1,0,1,1,96880,0,0,0,0,0
SEND: 6TPI:ZZAB,303,1,0,1,1,97203,0,0,0,0,0
SEND: hJDA:ZZAB,304,1,0,1,1,97526,0,0,0,0,0
SEND: ykx1:ZZAB,305,1,0,1,1,97849,0,0,0,0,0
SEND: bS9F:ZZAB,306,1,0,1,1,98172,0,0,0,0,0
SEND: c3Wf:ZZAB,307,1,0,1,1,98495,0,0,0,0,0
SEND: q5mL:ZZAB,308,1,0,1,1,98818,0,0,0,0,0
SEND: 7h84:ZZAB,309,1,0,1,1,99141,0,0,0,0,0
SEND: ZDAC:ZZAB,310,1,0,1,1,99464,0,0,0,0,0
SEND: 6hfo:ZZAB,311,1,0,1,1,99787,0,0,0,0,0
SEND: mm6L:ZZAB,312,1,0,1,1,100110,0,0,0,0,0
SEND: 1hW7:ZZAB,313,1,0,1,1,100433,0,0,0,0,0
SEND: eRXn:ZZAB,314,1,0,1,1,100756,0,0,0,0,0
SEND: wb8p:ZZAB,315,1,0,1,1,101079,0,0,0,0,0
SEND: VOhO:ZZAB,316,1,0,1,1,101402,0,0,0,0,0
SEND: Kajl:ZZAB,317,1,0,1,1,101725,0,0,0,0,0
SEND: uGz7:ZZAB,318,1,0,1,1,102048,0,0,0,0,0
SEND: sjs2:ZZAB,319,1,0,1,1,102371,0,0,0,0,0
SEND: Qxsg:ZZAB,320,1,0,1,1,102694,0,0,0,0,0
SEND: f0iz:ZZAB,321,1,0,1,1,103017,0,0,0,0,0
SEND: Z6vk:ZZAB,322,1,0,1,1,103340,0,0,0,0,0
SEND: KFR3:ZZAB,323,1,0,1,1,103663,0,0,0,0,0
SEND: Xyty:ZZAB,324,1,0,1,1,103986,0,0,0,0,0
SEND: AGcc:ZZAB,325,1,0,1,1,104309,0,0,0,0,0
SEND: SKVW:ZZAB,326,1,0,1,1,104632,0,0,0,0,0
SEND: nhjq:ZZAB,327,1,0,1,1,104955,0,0,0,0,0
