SEND: cJDQ:ZZAC,14,1,0,1,1,4371,0,0,0,0,0
SEND: QOvk:ZZAC,15,1,0,1,1,4688,0,0,0,0,0
SEND: nhc3:ZZAC,16,1,0,1,1,5005,0,0,0,0,0
SEND: gXyL:ZZAC,17,1,0,1,1,5322,0,0,0,0,0
SEND: I5CC:ZZAC,18,1,0,1,1,5639,0,0,0,0,0
SEND: BGRp:ZZAC,19,1,0,1,1,5956,0,0,0,0,0
SEND: AYRR:ZZAC,20,1,0,1,1,6273,0,0,0,0,0
SEND: D22Z:ZZAC,21,1,0,1,1,6590,0,0,0,0,0
SEND: klWi:ZZAC,22,1,0,1,1,6907,0,0,0,0,0
SEND: AWyc:ZZAC,23,1,0,1,1,7224,0,0,0,0,0
SEND: 51Ke:ZZAC,24,1,0,1,1,7541,0,0,0,0,0
SEND: FTP7:ZZAC,25,1,0,1,1,7858,0,0,0,0,0
SEND: xic9:ZZAC,26,1,0,1,1,8175,0,0,0,0,0
SEND: kU9G:ZZAC,27,1,0,1,1,8492,0,0,0,0,0
SEND: la0p:ZZAC,28,1,0,1,1,8809,0,0,0,0,0
SEND: LBI5:ZZAC,29,1,0,1,1,9126,0,0,0,0,0
SEND: tztT:ZZAC,30,1,0,1,1,9443,0,0,0,0,0
SEND: QET6:ZZAC,31,1,0,1,1,9760,0,0,0,0,0
SEND: Q9Sk:ZZAC,32,1,0,1,1,10077,0,0,0,0,0
SEND: 94rL:ZZAC,33,1,0,1,1,10394,0,0,0,0,0
SEND: Pihn:ZZAC,34,1,0,1,1,10711,0,0,0,0,0
SEND: 4x7n:ZZAC,35,1,0,1,1,11028,0,0,0,0,0
SEND: 5ACj:ZZAC,36,1,0,1,1,11345,0,0,0,0,0
SEND: SP7i:ZZAC,37,1,0,1,1,11662,0,0,0,0,0
SEND: MDJU:ZZAC,38,1,0,1,1,11979,0,0,0,0,0
SEND: EZqP:ZZAC,39,1,0,1,1,12296,0,0,0,0,0
SEND: TB5Z:ZZAC,40,1,0,1,1,12613,0,0,0,0,0
SEND: Ihvo:ZZAC,41,1,0,1,1,12930,0,0,0,0,0
SEND: ZXYv:ZZAC,42,1,0,1,1,13247,0,0,0,0,0
SEND: YSEr:ZZAC,43,1,0,1,1,13564,0,0,0,0,0
SEND: 7h5k:ZZAC,44,1,0,1,1,13881,0,0,0,0,0
SEND: 4TED:ZZAC,45,1,0,1,1,14198,0,0,0,0,0
SEND: yhXM:ZZAC,46,1,0,1,1,14515,0,0,0,0,0
SEND: 9WI2:ZZAC,47,1,0,1,1,14832,0,0,0,0,0
SEND: cRjW:ZZAC,48,1,0,1,1,15149,0,0,0,0,0
SEND: dd3T:ZZAC,49,1,0,1,1,15466,0,0,0,0,0
SEND: VnnK:ZZAC,50,1,0,1,1,15783,0,0,0,0,0
SEND: 2xOe:ZZAC,51,1,0,1,1,16100,0,0,0,0,0
SEND: wA4E:ZZAC,52,1,0,1,1,16417,0,0,0,0,0
SEND: 7Cu3:ZZAC,53,1,0,1,1,16734,0,0,0,0,0
SEND: vfqs:ZZAC,54,1,0,1,1,17051,0,0,0,0,0
SEND: t6cI:ZZAC,55,1,0,1,1,17368,0,0,0,0,0
SEND: cEUX:ZZAC,56,1,0,1,1,17685,0,0,0,0,0
SEND: bQGL:ZZAC,57,1,0,1,1,18002,0,0,0,0,0
SEND: xE7H:ZZAC,58,1,0,1,1,18319,0,0,0,0,0
SEND: AwIh:ZZAC,59,1,0,1,1,18636,0,0,0,0,0
SEND: aciu:ZZAC,60,1,0,1,1,18953,0,0,0,0,0
SEND: wGPJ:ZZAC,61,1,0,1,1,19270,0,0,0,0,0
SEND: kwkl:ZZAC,62,1,0,1,1,19587,0,0,0,0,0
SEND: CeS1:ZZAC,63,1,0,1,1,19904,0,0,0,0,0
SEND: 1nyA:ZZAC,64,1,0,1,1,20221,0,0,0,0,0
SEND: NWAj:ZZAC,65,1,0,1,1,20538,0,0,0,0,0
SEND: wON4:ZZAC,66,1,0,1,1,20855,0,0,0,0,0
SEND: o8zx:ZZAC,67,1,0,1,1,21172,0,0,0,0,0
SEND: kZgl:ZZAC,68,1,0,1,1,21489,0,0,0,0,0
SEND: GjXh:ZZAC,69,1,0,1,1,21806,0,0,0,0,0
SEND: TLfj:ZZAC,70,1,0,1,1,22123,0,0,0,0,0
SEND: qdvS:ZZAC,71,1,0,1,1,22440,0,0,0,0,0
SEND: aggs:ZZAC,72,1,0,1,1,22757,0,0,0,0,0
SEND: Yu5x:ZZAC,73,1,0,1,1,23074,0,0,0,0,0
SEND: RTRP:ZZAC,74,1,0,1,1,23391,0,0,0,0,0
SEND: UNwQ:ZZAC,75,1,0,1,1,23708,0,0,0,0,0
SEND: YdCq:ZZAC,76,1,0,1,1,24025,0,0,0,0,0
SEND: bLva:ZZAC,77,1,0,1,1,24342,0,0,0,0,0
SEND: rjbp:ZZAC,78,1,0,1,1,24659,0,0,0,0,0
SEND: ygaY:ZZAC,79,1,0,1,1,24976,0,0,0,0,0
SEND: 966r:ZZAC,80,1,0,1,1,25293,0,0,0,0,0
SEND: dB6h:ZZAC,81,1,0,1,1,25610,0,0,0,0,0
SEND: jQQG:ZZAC,82,1,0,1,1,25927,0,0,0,0,0
SEND: 9hub:ZZAC,83,1,0,1,1,26244,0,0,0,0,0
SEND: alIc:ZZAC,84,1,0,1,1,26561,0,0,0,0,0
SEND: U8VP:ZZAC,85,1,0,1,1,26878,0,0,0,0,0
SEND: w6cN:ZZAC,86,1,0,1,1,27195,0,0,0,0,0
SEND: AbOa:ZZAC,87,1,0,1,1,27512,0,0,0,0,0
SEND: e3pM:ZZAC,88,1,0,1,1,27829,0,0,0,0,0
SEND: AJuo:ZZAC,89,1,0,1,1,28146,0,0,0,0,0
SEND: csff:ZZAC,90,1,0,1,1,28463,0,0,0,0,0
SEND: ZLk9:ZZAC,91,1,0,1,1,28780,0,0,0,0,0
SEND: 0ewm:ZZAC,92,1,0,1,1,29097,0,0,0,0,0
SEND: mArU:ZZAC,93,1,0,1,1,29414,0,0,0,0,0
SEND: ZsXT:ZZAC,94,1,0,1,1,29731,0,0,0,0,0
SEND: rNSz:ZZAC,95,1,0,1,1,30048,0,0,0,0,0
SEND: W66s:ZZAC,96,1,0,1,1,30365,0,0,0,0,0
SEND: jkuv:ZZAC,97,1,0,1,1,30682,0,0,0,0,0
SEND: Rsft:ZZAC,98,1,0,1,1,30999,0,0,0,0,0
SEND: w2QE:ZZAC,99,1,0,1,1,31316,0,0,0,0,0
SEND: pbvO:ZZAC,100,1,0,1,1,31633,0,0,0,0,0
SEND: iSJn:ZZAC,101,1,0,1,1,31956,0,0,0,0,0
SEND: wqov:ZZAC,102,1,0,1,1,32279,0,0,0,0,0
SEND: fHfr:ZZAC,103,1,0,1,1,32602,0,0,0,0,0
SEND: CfUP:ZZAC,104,1,0,1,1,32925,0,0,0,0,0
SEND: O5cJ:ZZAC,105,1,0,1,1,33248,0,0,0,0,0
SEND: oVEV:ZZAC,106,1,0,1,1,33571,0,0,0,0,0
SEND: 3tm5:ZZAC,107,1,0,1,1,33894,0,0,0,0,0
SEND: wC9J:ZZAC,108,1,0,1,1,34217,0,0,0,0,0
SEND: WPAc:ZZAC,109,1,0,1,1,34540,0,0,0,0,0
SEND: gMCp:ZZAC,110,1,0,1,1,34863,0,0,0,0,0
SEND: S8dl:ZZAC,111,1,0,1,1,35186,0,0,0,0,0
SEND: sbf8:ZZAC,112,1,0,1,1,35509,0,0,0,0,0
SEND: cdLB:ZZAC,113,1,0,1,1,35832,0,0,0,0,0
SEND: EZR7:ZZAC,114,1,0,1,1,36155,0,0,0,0,0
SEND: fPyC:ZZAC,115,1,0,1,1,36478,0,0,0,0,0
SEND: c60i:ZZAC,116,1,0,1,1,36801,0,0,0,0,0
SEND: 4nUr:ZZAC,117,1,0,1,1,37124,0,0,0,0,0
SEND: HzDw:ZZAC,118,1,0,1,1,37447,0,0,0,0,0
SEND: bMJz:ZZAC,119,1,0,1,1,37770,0,0,0,0,0
SEND: 48zB:ZZAC,120,1,0,1,1,38093,0,0,0,0,0
SEND: U8An:ZZAC,121,1,0,1,1,38416,0,0,0,0,0
SEND: tqbD:ZZAC,122,1,0,1,1,38739,0,0,0,0,0
SEND: kuTM:ZZAC,123,1,0,1,1,39062,0,0,0,0,0
SEND: tuSa:ZZAC,124,1,0,1,1,39385,0,0,0,0,0
SEND: bP1q:ZZAC,125,1,0,1,1,39708,0,0,0,0,0
SEND: t8Vr:ZZAC,126,1,0,1,1,40031,0,0,0,0,0
SEND: 6nad:ZZAC,127,1,0,1,1,40354,0,0,0,0,0
SEND: pDwJ:ZZAC,128,1,0,1,1,40677,0,0,0,0,0
SEND: tEcj:ZZAC,129,1,0,1,1,41000,0,0,0,0,0
SEND: ZVFW:ZZAC,130,1,0,1,1,41323,0,0,0,0,0
SEND: Oz9b:ZZAC,131,1,0,1,1,41646,0,0,0,0,0
SEND: vPIG:ZZAC,132,1,0,1,1,41969,0,0,0,0,0
SEND: GnQ3:ZZAC,133,1,0,1,1,42292,0,0,0,0,0
SEND: M2Dy:ZZAC,134,1,0,1,1,42615,0,0,0,0,0
SEND: LT0Z:ZZAC,135,1,0,1,1,42938,0,0,0,0,0
SEND: S1cB:ZZAC,136,1,0,1,1,43261,0,0,0,0,0
SEND: btOn:ZZAC,137,1,0,1,1,43584,0,0,0,0,0
SEND: fR5I:ZZAC,138,1,0,1,1,43907,0,0,0,0,0
SEND: QCqS:ZZAC,139,1,0,1,1,44230,0,0,0,0,0
SEND: uZyS:ZZAC,140,1,0,1,1,44553,0,0,0,0,0
SEND: nit2:ZZAC,141,1,0,1,1,44876,0,0,0,0,0
SEND: dGRa:ZZAC,142,1,0,1,1,45199,0,0,0,0,0
SEND: MYwk:ZZAC,143,1,0,1,1,45522,0,0,0,0,0
SEND: hz0r:ZZAC,144,1,0,1,1,45845,0,0,0,0,0
SEND: vudw:ZZAC,145,1,0,1,1,46168,0,0,0,0,0
SEND: XuET:ZZAC,146,1,0,1,1,46491,0,0,0,0,0
SEND: vseL:ZZAC,147,1,0,1,1,46814,0,0,0,0,0
SEND: Tt50:ZZAC,148,1,0,1,1,47137,0,0,0,0,0
SEND: tl73:ZZAC,149,1,0,1,1,47460,0,0,0,0,0
SEND: zHlk:ZZAC,150,1,0,1,1,47783,0,0,0,0,0
SEND: SLlV:ZZAC,151,1,0,1,1,48106,0,0,0,0,0
SEND: thzf:ZZAC,152,1,0,1,1,48429,0,0,0,0,0
SEND: z5y4:ZZAC,153,1,0,1,1,48752,0,0,0,0,0
SEND: ZEOU:ZZAC,154,1,0,1,1,49075,0,0,0,0,0
SEND: oawq:ZZAC,155,1,0,1,1,49398,0,0,0,0,0
SEND: ZAJR:ZZAC,156,1,0,1,1,49721,0,0,0,0,0
SEND: owTz:ZZAC,157,1,0,1,1,50044,0,0,0,0,0
SEND: Zy8x:ZZAC,158,1,0,1,1,50367,0,0,0,0,0
SEND: jHg8:ZZAC,159,1,0,1,1,50690,0,0,0,0,0
SEND: vEby:ZZAC,160,1,0,1,1,51013,0,0,0,0,0
SEND: E3Vh:ZZAC,161,1,0,1,1,51336,0,0,0,0,0
SEND: LHoJ:ZZAC,162,1,0,1,1,51659,0,0,0,0,0
SEND: Pnty:ZZAC,163,1,0,1,1,51982,0,0,0,0,0
SEND: ypC6:ZZAC,164,1,0,1,1,52305,0,0,0,0,0
SEND: RlYZ:ZZAC,165,1,0,1,1,52628,0,0,0,0,0
SEND: L5b0:ZZAC,166,1,0,1,1,52951,0,0,0,0,0
SEND: nPpV:ZZAC,167,1,0,1,1,53274,0,0,0,0,0
SEND: wyz2:ZZAC,168,1,0,1,1,53597,0,0,0,0,0
SEND: xs4Q:ZZAC,169,1,0,1,1,53920,0,0,0,0,0
SEND: 2rna:ZZAC,170,1,0,1,1,54243,0,0,0,0,0
SEND: zt69:ZZAC,171,1,0,1,1,54566,0,0,0,0,0
SEND: gVQJ:ZZAC,172,1,0,1,1,54889,0,0,0,0,0
SEND: M33f:ZZAC,173,1,0,1,1,55212,0,0,0,0,0
SEND: TIph:ZZAC,174,1,0,1,1,55535,0,0,0,0,0
SEND: mNwp:ZZAC,175,1,0,1,1,55858,0,0,0,0,0
SEND: ZIVl:ZZAC,176,1,0,1,1,56181,0,0,0,0,0
SEND: xGd5:ZZAC,177,1,0,1,1,56504,0,0,0,0,0
SEND: 2U8d:ZZAC,178,1,0,1,1,56827,0,0,0,0,0
SEND: JdMO:ZZAC,179,1,0,1,1,57150,0,0,0,0,0
SEND: HzjQ:ZZAC,180,1,0,1,1,57473,0,0,0,0,0
SEND: up1d:ZZAC,181,1,0,1,1,57796,0,0,0,0,0
SEND: Vq2t:ZZAC,182,1,0,1,1,58119,0,0,0,0,0
SEND: dtjI:ZZAC,183,1,0,1,1,58442,0,0,0,0,0
SEND: G2au:ZZAC,184,1,0,1,1,58765,0,0,0,0,0
SEND: yWx3:ZZAC,185,1,0,1,1,59088,0,0,0,0,0
SEND: 9MpQ:ZZAC,186,1,0,1,1,59411,0,0,0,0,0
SEND: 6bwx:ZZAC,187,1,0,1,1,59734,0,0,0,0,0
SEND: ZxLz:ZZAC,188,1,0,1,1,60057,0,0,0,0,0
SEND: Twkq:ZZAC,189,1,0,1,1,60380,0,0,0,0,0
SEND: CVn2:ZZAC,190,1,0,1,1,60703,0,0,0,0,0
SEND: owCC:ZZAC,191,1,0,1,1,61026,0,0,0,0,0
SEND: liwn:ZZAC,192,1,0,1,1,61349,0,0,0,0,0
SEND: RWNA:ZZAC,193,1,0,1,1,61672,0,0,0,0,0
SEND: ab6b:ZZAC,194,1,0,1,1,61995,0,0,0,0,0
SEND: XzZ2:ZZAC,195,1,0,1,1,62318,0,0,0,0,0
SEND: Tac8:ZZAC,196,1,0,1,1,62641,0,0,0,0,0
SEND: Y1SP:ZZAC,197,1,0,1,1,62964,0,0,0,0,0
SEND: eOIb:ZZAC,198,1,0,1,1,63287,0,0,0,0,0
SEND: TVDN:ZZAC,199,1,0,1,1,63610,0,0,0,0,0
SEND: 408k:ZZAC,200,1,0,1,1,63933,0,0,0,0,0
SEND: 43H4:ZZAC,201,1,0,1,1,64256,0,0,0,0,0
SEND: 7kDf:ZZAC,202,1,0,1,1,64579,0,0,0,0,0
