SEND: V6iM:ZZAC,5,1,0,1,1,2769,0,0,0,0,0
SEND: 3D3T:ZZAC,6,1,0,1,1,3336,0,0,0,0,0
SEND: 2jcb:ZZAC,7,1,0,1,1,3903,0,0,0,0,0
SEND: dQ63:ZZAC,8,1,0,1,1,4470,0,0,0,0,0
SEND: C8HA:ZZAC,9,1,0,1,1,5037,0,0,0,0,0
SEND: iXos:ZZAC,10,1,0,1,1,5604,0,0,0,0,0
SEND: HYAt:ZZAC,11,1,0,1,1,6171,0,0,0,0,0
SEND: JjhV:ZZAC,12,1,0,1,1,6738,0,0,0,0,0
SEND: R6AE:ZZAC,13,1,0,1,1,7305,0,0,0,0,0
SEND: bzOf:ZZAC,14,1,0,1,1,7872,0,0,0,0,0
SEND: MeVY:ZZAC,15,1,0,1,1,8439,0,0,0,0,0
SEND: uKyD:ZZAC,16,1,0,1,1,9006,0,0,0,0,0
SEND: CPrP:ZZAC,17,1,0,1,1,9573,0,0,0,0,0
SEND: hxUb:ZZAC,18,1,0,1,1,10140,0,0,0,0,0
SEND: 9lfn:ZZAC,19,1,0,1,1,10707,0,0,0,0,0
SEND: J6ct:ZZAC,20,1,0,1,1,11274,0,0,0,0,0
SEND: 0ofr:ZZAC,21,1,0,1,1,11841,0,0,0,0,0
SEND: 1obD:ZZAC,22,1,0,1,1,12408,0,0,0,0,0
SEND: ZhEt:ZZAC,23,1,0,1,1,12975,0,0,0,0,0
SEND: 58ma:ZZAC,24,1,0,1,1,13542,0,0,0,0,0
SEND: sgLR:ZZAC,25,1,0,1,1,14109,0,0,0,0,0
SEND: UEjp:ZZAC,26,1,0,1,1,14676,0,0,0,0,0
SEND: e0mv:ZZAC,27,1,0,1,1,15243,0,0,0,0,0
SEND: x2Mi:ZZAC,28,1,0,1,1,15810,0,0,0,0,0
SEND: BCLe:ZZAC,29,1,0,1,1,16377,0,0,0,0,0
SEND: p3Pn:ZZAC,30,1,0,1,1,16944,0,0,0,0,0
SEND: 1Ps6:ZZAC,31,1,0,1,1,17511,0,0,0,0,0
SEND: rpVg:ZZAC,32,1,0,1,1,18078,0,0,0,0,0
SEND: EGoo:ZZAC,33,1,0,1,1,18645,0,0,0,0,0
SEND: KRm1:ZZAC,34,1,0,1,1,19212,0,0,0,0,0
SEND: 3trd:ZZAC,35,1,0,1,1,19779,0,0,0,0,0
SEND: i9bg:ZZAC,36,1,0,1,1,20346,0,0,0,0,0
SEND: XCG6:ZZAC,37,1,0,1,1,20913,0,0,0,0,0
SEND: kBF6:ZZAC,38,1,0,1,1,21480,0,0,0,0,0
SEND: DkRA:ZZAC,39,1,0,1,1,22047,0,0,0,0,0
SEND: DVoT:ZZAC,40,1,0,1,1,22614,0,0,0,0,0
SEND: WgT0:ZZAC,41,1,0,1,1,23181,0,0,0,0,0
SEND: 8zf3:ZZAC,42,1,0,1,1,23748,0,0,0,0,0
SEND: IC1r:ZZAC,43,1,0,1,1,24315,0,0,0,0,0
SEND: ySMj:ZZAC,44,1,0,1,1,24882,0,0,0,0,0
SEND: rnWW:ZZAC,45,1,0,1,1,25449,0,0,0,0,0
SEND: XgG7:ZZAC,46,1,0,1,1,26016,0,0,0,0,0
SEND: j8oA:ZZAC,47,1,0,1,1,26583,0,0,0,0,0
SEND: JL6A:ZZAC,48,1,0,1,1,27150,0,0,0,0,0
SEND: 1zaC:ZZAC,49,1,0,1,1,27717,0,0,0,0,0
SEND: XYOU:ZZAC,50,1,0,1,1,28284,0,0,0,0,0
SEND: gmLn:ZZAC,51,1,0,1,1,28851,0,0,0,0,0
SEND: xFz6:ZZAC,52,1,0,1,1,29418,0,0,0,0,0
SEND: TC4J:ZZAC,53,1,0,1,1,29985,0,0,0,0,0
SEND: kPvc:ZZAC,54,1,0,1,1,30552,0,0,0,0,0
SEND: jJ0x:ZZAC,55,1,0,1,1,31119,0,0,0,0,0
SEND: naAM:ZZAC,56,1,0,1,1,31686,0,0,0,0,0
SEND: 79qk:ZZAC,57,1,0,1,1,32253,0,0,0,0,0
SEND: ICJN:ZZAC,58,1,0,1,1,32820,0,0,0,0,0
SEND: 0zAy:ZZAC,59,1,0,1,1,33387,0,0,0,0,0
SEND: sc4K:ZZAC,60,1,0,1,1,33954,0,0,0,0,0
SEND: 4a1p:ZZAC,61,1,0,1,1,34521,0,0,0,0,0
SEND: Sf0g:ZZAC,62,1,0,1,1,35088,0,0,0,0,0
SEND: Xg33:ZZAC,63,1,0,1,1,35655,0,0,0,0,0
SEND: nCVq:ZZAC,64,1,0,1,1,36222,0,0,0,0,0
SEND: GSFX:ZZAC,65,1,0,1,1,36789,0,0,0,0,0
SEND: y2eh:ZZAC,66,1,0,1,1,37356,0,0,0,0,0
SEND: VLnQ:ZZAC,67,1,0,1,1,37923,0,0,0,0,0
SEND: eAZh:ZZAC,68,1,0,1,1,38490,0,0,0,0,0
SEND: flEH:ZZAC,69,1,0,1,1,39057,0,0,0,0,0
SEND: Hkzj:ZZAC,70,1,0,1,1,39624,0,0,0,0,0
SEND: 31wK:ZZAC,71,1,0,1,1,40191,0,0,0,0,0
SEND: Dxx7:ZZAC,72,1,0,1,1,40758,0,0,0,0,0
SEND: ZZdH:ZZAC,73,1,0,1,1,41325,0,0,0,0,0
SEND: TqxP:ZZAC,74,1,0,1,1,41892,0,0,0,0,0
SEND: 0bFr:ZZAC,75,1,0,1,1,42459,0,0,0,0,0
SEND: WjPB:ZZAC,76,1,0,1,1,43026,0,0,0,0,0
SEND: 0rWW:ZZAC,77,1,0,1,1,43593,0,0,0,0,0
SEND: maIs:ZZAC,78,1,0,1,1,44160,0,0,0,0,0
SEND: 0xwZ:ZZAC,79,1,0,1,1,44727,0,0,0,0,0
SEND: IChL:ZZAC,80,1,0,1,1,45294,0,0,0,0,0
SEND: vpIQ:ZZAC,81,1,0,1,1,45861,0,0,0,0,0
SEND: QK1G:ZZAC,82,1,0,1,1,46428,0,0,0,0,0
SEND: 2wN4:ZZAC,83,1,0,1,1,46995,0,0,0,0,0
SEND: eZ0W:ZZAC,84,1,0,1,1,47562,0,0,0,0,0
SEND: l0H0:ZZAC,85,1,0,1,1,48129,0,0,0,0,0
SEND: FCf7:ZZAC,86,1,0,1,1,48696,0,0,0,0,0
SEND: HO41:ZZAC,87,1,0,1,1,49263,0,0,0,0,0
SEND: cGPv:ZZAC,88,1,0,1,1,49830,0,0,0,0,0
SEND: PqVw:ZZAC,89,1,0,1,1,50397,0,0,0,0,0
SEND: nfPV:ZZAC,90,1,0,1,1,50964,0,0,0,0,0
SEND: RAJo:ZZAC,91,1,0,1,1,51531,0,0,0,0,0
SEND: HO8w:ZZAC,92,1,0,1,1,52098,0,0,0,0,0
SEND: ERzr:ZZAC,93,1,0,1,1,52665,0,0,0,0,0
SEND: esLm:ZZAC,94,1,0,1,1,53232,0,0,0,0,0
SEND: hF8N:ZZAC,95,1,0,1,1,53799,0,0,0,0,0
SEND: 1BKx:ZZAC,96,1,0,1,1,54366,0,0,0,0,0
SEND: GpRe:ZZAC,97,1,0,1,1,54933,0,0,0,0,0
SEND: gzrJ:ZZAC,98,1,0,1,1,55500,0,0,0,0,0
SEND: qRYr:ZZAC,99,1,0,1,1,56067,0,0,0,0,0
SEND: LBha:ZZAC,100,1,0,1,1,56634,0,0,0,0,0
SEND: JqHN:ZZAC,101,1,0,1,1,57207,0,0,0,0,0
SEND: MgBU:ZZAC,102,1,0,1,1,57780,0,0,0,0,0
SEND: UcUu:ZZAC,103,1,0,1,1,58353,0,0,0,0,0
SEND: BlJ6:ZZAC,104,1,0,1,1,58926,0,0,0,0,0
SEND: A381:ZZAC,105,1,0,1,1,59499,0,0,0,0,0
SEND: Eflk:ZZAC,106,1,0,1,1,60072,0,0,0,0,0
SEND: f1yH:ZZAC,107,1,0,1,1,60645,0,0,0,0,0
SEND: 3mam:ZZAC,108,1,0,1,1,61218,0,0,0,0,0
SEND: QlMM:ZZAC,109,1,0,1,1,61791,0,0,0,0,0
SEND: vQes:ZZAC,110,1,0,1,1,62364,0,0,0,0,0
SEND: qGn4:ZZAC,111,1,0,1,1,62937,0,0,0,0,0
SEND: ZCM5:ZZAC,112,1,0,1,1,63510,0,0,0,0,0
SEND: 2dSa:ZZAC,113,1,0,1,1,64083,0,0,0,0,0
SEND: 1EMx:ZZAC,114,1,0,1,1,64656,0,0,0,0,0
SEND: vDnF:ZZAC,115,1,0,1,1,65229,0,0,0,0,0
SEND: VYhY:ZZAC,116,1,0,1,1,65802,0,0,0,0,0
SEND: 6pic:ZZAC,117,1,0,1,1,66375,0,0,0,0,0
SEND: PmCt:ZZAC,118,1,0,1,1,66948,0,0,0,0,0
SEND: aXST:ZZAC,119,1,0,1,1,67521,0,0,0,0,0
SEND: Wswx:ZZAC,120,1,0,1,1,68094,0,0,0,0,0
SEND: 16nu:ZZAC,121,1,0,1,1,68667,0,0,0,0,0
SEND: ILhc:ZZAC,122,1,0,1,1,69240,0,0,0,0,0
SEND: 32Ym:ZZAC,123,1,0,1,1,69813,0,0,0,0,0
SEND: tp95:ZZAC,124,1,0,1,1,70386,0,0,0,0,0
SEND: IngU:ZZAC,125,1,0,1,1,70959,0,0,0,0,0
SEND: dA0F:ZZAC,126,1,0,1,1,71532,0,0,0,0,0
SEND: JjOO:ZZAC,127,1,0,1,1,72105,0,0,0,0,0
SEND: XzOI:ZZAC,128,1,0,1,1,72678,0,0,0,0,0
SEND: 8dTF:ZZAC,129,1,0,1,1,73251,0,0,0,0,0
SEND: I1WI:ZZAC,130,1,0,1,1,73824,0,0,0,0,0
SEND: B1HB:ZZAC,131,1,0,1,1,74397,0,0,0,0,0
SEND: ppIk:ZZAC,132,1,0,1,1,74970,0,0,0,0,0
SEND: ZnT6:ZZAC,133,1,0,1,1,75543,0,0,0,0,0
SEND: RDHv:ZZAC,134,1,0,1,1,76116,0,0,0,0,0
SEND: rKb6:ZZAC,135,1,0,1,1,76689,0,0,0,0,0
SEND: U46c:ZZAC,136,1,0,1,1,77262,0,0,0,0,0
SEND: FEWw:ZZAC,137,1,0,1,1,77835,0,0,0,0,0
SEND: Hocp:ZZAC,138,1,0,1,1,78408,0,0,0,0,0
SEND: 8XLS:ZZAC,139,1,0,1,1,78981,0,0,0,0,0
SEND: NEbt:ZZAC,140,1,0,1,1,79554,0,0,0,0,0
SEND: gF3B:ZZAC,141,1,0,1,1,80127,0,0,0,0,0
SEND: wNn9:ZZAC,142,1,0,1,1,80700,0,0,0,0,0
SEND: dp6I:ZZAC,143,1,0,1,1,81273,0,0,0,0,0
SEND: A6Eg:ZZAC,144,1,0,1,1,81846,0,0,0,0,0
SEND: Wvog:ZZAC,145,1,0,1,1,82419,0,0,0,0,0
SEND: DR5u:ZZAC,146,1,0,1,1,82992,0,0,0,0,0
SEND: 5Gla:ZZAC,147,1,0,1,1,83565,0,0,0,0,0
SEND: tQ3S:ZZAC,148,1,0,1,1,84138,0,0,0,0,0
SEND: lAGz:ZZAC,149,1,0,1,1,84711,0,0,0,0,0
SEND: Bgui:ZZAC,150,1,0,1,1,85284,0,0,0,0,0
SEND: irtV:ZZAC,151,1,0,1,1,85857,0,0,0,0,0
SEND: lg8y:ZZAC,152,1,0,1,1,86430,0,0,0,0,0
SEND: XxuA:ZZAC,153,1,0,1,1,87003,0,0,0,0,0
SEND: ZGIL:ZZAC,154,1,0,1,1,87576,0,0,0,0,0
SEND: Jvwj:ZZAC,155,1,0,1,1,88149,0,0,0,0,0
SEND: dHm4:ZZAC,156,1,0,1,1,88722,0,0,0,0,0
SEND: C8I8:ZZAC,157,1,0,1,1,89295,0,0,0,0,0
SEND: PhUs:ZZAC,158,1,0,1,1,89868,0,0,0,0,0
SEND: D4Kj:ZZAC,159,1,0,1,1,90441,0,0,0,0,0
SEND: 4Ej6:ZZAC,160,1,0,1,1,91014,0,0,0,0,0
SEND: 41Xi:ZZAC,161,1,0,1,1,91587,0,0,0,0,0
SEND: 3exD:ZZAC,162,1,0,1,1,92160,0,0,0,0,0
SEND: yanV:ZZAC,163,1,0,1,1,92733,0,0,0,0,0
SEND: SMAo:ZZAC,164,1,0,1,1,93306,0,0,0,0,0
