SEND: j8cA:ZZAD,5,1,0,1,1,2768,0,0,0,0,0
SEND: b5vI:ZZAD,6,1,0,1,1,3335,0,0,0,0,0
SEND: 4ZCa:ZZAD,7,1,0,1,1,3902,0,0,0,0,0
SEND: olzo:ZZAD,8,1,0,1,1,4469,0,0,0,0,0
SEND: ano5:ZZAD,9,1,0,1,1,5036,0,0,0,0,0
SEND: uL5Z:ZZAD,10,1,0,1,1,5603,0,0,0,0,0
SEND: ZC3C:ZZAD,11,1,0,1,1,6170,0,0,0,0,0
SEND: J1k2:ZZAD,12,1,0,1,1,6737,0,0,0,0,0
SEND: DmBO:ZZAD,13,1,0,1,1,7304,0,0,0,0,0
SEND: VAAi:ZZAD,14,1,0,1,1,7871,0,0,0,0,0
SEND: URcW:ZZAD,15,1,0,1,1,8438,0,0,0,0,0
SEND: EfLw:ZZAD,16,1,0,1,1,9005,0,0,0,0,0
SEND: czhj:ZZAD,17,1,0,1,1,9572,0,0,0,0,0
SEND: uk4N:ZZAD,18,1,0,1,1,10139,0,0,0,0,0
SEND: zvcK:ZZAD,19,1,0,1,1,10706,0,0,0,0,0
SEND: RYzc:ZZAD,20,1,0,1,1,11273,0,0,0,0,0
SEND: cjtF:ZZAD,21,1,0,1,1,11840,0,0,0,0,0
SEND: vvln:ZZAD,22,1,0,1,1,12407,0,0,0,0,0
SEND: 5MEi:ZZAD,23,1,0,1,1,12974,0,0,0,0,0
SEND: 1Qsc:ZZAD,24,1,0,1,1,13541,0,0,0,0,0
SEND: 2S4U:ZZAD,25,1,0,1,1,14108,0,0,0,0,0
SEND: ubsW:ZZAD,26,1,0,1,1,14675,0,0,0,0,0
SEND: 2VQb:ZZAD,27,1,0,1,1,15242,0,0,0,0,0
SEND: kNEU:ZZAD,28,1,0,1,1,15809,0,0,0,0,0
SEND: 7eGS:ZZAD,29,1,0,1,1,16376,0,0,0,0,0
SEND: h5Qg:ZZAD,30,1,0,1,1,16943,0,0,0,0,0
SEND: bFzV:ZZAD,31,1,0,1,1,17510,0,0,0,0,0
SEND: fZun:ZZAD,32,1,0,1,1,18077,0,0,0,0,0
SEND: kxcc:ZZAD,33,1,0,1,1,18644,0,0,0,0,0
SEND: mhNd:ZZAD,34,1,0,1,1,19211,0,0,0,0,0
SEND: fkfN:ZZAD,35,1,0,1,1,19778,0,0,0,0,0
SEND: 0coi:ZZAD,36,1,0,1,1,20345,0,0,0,0,0
SEND: BIVi:ZZAD,37,1,0,1,1,20912,0,0,0,0,0
SEND: fSJP:ZZAD,38,1,0,1,1,21479,0,0,0,0,0
SEND: 7PxE:ZZAD,39,1,0,1,1,22046,0,0,0,0,0
SEND: vD9x:ZZAD,40,1,0,1,1,22613,0,0,0,0,0
SEND: U2tf:ZZAD,41,1,0,1,1,23180,0,0,0,0,0
SEND: KyvF:ZZAD,42,1,0,1,1,23747,0,0,0,0,0
SEND: ENn3:ZZAD,43,1,0,1,1,24314,0,0,0,0,0
SEND: aC5p:ZZAD,44,1,0,1,1,24881,0,0,0,0,0
SEND: tB2N:ZZAD,45,1,0,1,1,25448,0,0,0,0,0
SEND: HSON:ZZAD,46,1,0,1,1,26015,0,0,0,0,0
SEND: VI9w:ZZAD,47,1,0,1,1,26582,0,0,0,0,0
SEND: eXo0:ZZAD,48,1,0,1,1,27149,0,0,0,0,0
SEND: bzA8:ZZAD,49,1,0,1,1,27716,0,0,0,0,0
SEND: RFqW:ZZAD,50,1,0,1,1,28283,0,0,0,0,0
SEND: uOpK:ZZAD,51,1,0,1,1,28850,0,0,0,0,0
SEND: XSfz:ZZAD,52,1,0,1,1,29417,0,0,0,0,0
SEND: bXAw:ZZAD,53,1,0,1,1,29984,0,0,0,0,0
SEND: 6ufl:ZZAD,54,1,0,1,1,30551,0,0,0,0,0
SEND: zW05:ZZAD,55,1,0,1,1,31118,0,0,0,0,0
SEND: tBXR:ZZAD,56,1,0,1,1,31685,0,0,0,0,0
SEND: xjYc:ZZAD,57,1,0,1,1,32252,0,0,0,0,0
SEND: vFpE:ZZAD,58,1,0,1,1,32819,0,0,0,0,0
SEND: MEth:ZZAD,59,1,0,1,1,33386,0,0,0,0,0
SEND: k613:ZZAD,60,1,0,1,1,33953,0,0,0,0,0
SEND: KMPM:ZZAD,61,1,0,1,1,34520,0,0,0,0,0
SEND: 4op3:ZZAD,62,1,0,1,1,35087,0,0,0,0,0
SEND: DZ5P:ZZAD,63,1,0,1,1,35654,0,0,0,0,0
SEND: V3qM:ZZAD,64,1,0,1,1,36221,0,0,0,0,0
SEND: 4aDK:ZZAD,65,1,0,1,1,36788,0,0,0,0,0
SEND: Sgxg:ZZAD,66,1,0,1,1,37355,0,0,0,0,0
SEND: 9iVV:ZZAD,67,1,0,1,1,37922,0,0,0,0,0
SEND: xQNm:ZZAD,68,1,0,1,1,38489,0,0,0,0,0
SEND: 5NgH:ZZAD,69,1,0,1,1,39056,0,0,0,0,0
SEND: rK6E:ZZAD,70,1,0,1,1,39623,0,0,0,0,0
SEND: bQ1m:ZZAD,71,1,0,1,1,40190,0,0,0,0,0
SEND: JeEn:ZZAD,72,1,0,1,1,40757,0,0,0,0,0
SEND: HL7Y:ZZAD,73,1,0,1,1,41324,0,0,0,0,0
SEND: 5d2p:ZZAD,74,1,0,1,1,41891,0,0,0,0,0
SEND: Asn7:ZZAD,75,1,0,1,1,42458,0,0,0,0,0
SEND: KNQM:ZZAD,76,1,0,1,1,43025,0,0,0,0,0
SEND: U4FY:ZZAD,77,1,0,1,1,43592,0,0,0,0,0
SEND: 7k8G:ZZAD,78,1,0,1,1,44159,0,0,0,0,0
SEND: O33V:ZZAD,79,1,0,1,1,44726,0,0,0,0,0
SEND: 0sFe:ZZAD,80,1,0,1,1,45293,0,0,0,0,0
SEND: nWMp:ZZAD,81,1,0,1,1,45860,0,0,0,0,0
SEND: GBZs:ZZAD,82,1,0,1,1,46427,0,0,0,0,0
SEND: wyjX:ZZAD,83,1,0,1,1,46994,0,0,0,0,0
SEND: EGz8:ZZAD,84,1,0,1,1,47561,0,0,0,0,0
SEND: LAMw:ZZAD,85,1,0,1,1,48128,0,0,0,0,0
SEND: HLWQ:ZZAD,86,1,0,1,1,48695,0,0,0,0,0
SEND: lOi6:ZZAD,87,1,0,1,1,49262,0,0,0,0,0
SEND: 1JtF:ZZAD,88,1,0,1,1,49829,0,0,0,0,0
SEND: VUFH:ZZAD,89,1,0,1,1,50396,0,0,0,0,0
SEND: rbcJ:ZZAD,90,1,0,1,1,50963,0,0,0,0,0
SEND: R15u:ZZAD,91,1,0,1,1,51530,0,0,0,0,0
SEND: v06V:ZZAD,92,1,0,1,1,52097,0,0,0,0,0
SEND: coEL:ZZAD,93,1,0,1,1,52664,0,0,0,0,0
SEND: kdFb:ZZAD,94,1,0,1,1,53231,0,0,0,0,0
SEND: z3te:ZZAD,95,1,0,1,1,53798,0,0,0,0,0
SEND: fcJ1:ZZAD,96,1,0,1,1,54365,0,0,0,0,0
SEND: QhKI:ZZAD,97,1,0,1,1,54932,0,0,0,0,0
SEND: YWeF:ZZAD,98,1,0,1,1,55499,0,0,0,0,0
SEND: U1QF:ZZAD,99,1,0,1,1,56066,0,0,0,0,0
SEND: Drm0:ZZAD,100,1,0,1,1,56633,0,0,0,0,0
SEND: NxRr:ZZAD,101,1,0,1,1,57206,0,0,0,0,0
SEND: PHYP:ZZAD,102,1,0,1,1,57779,0,0,0,0,0
SEND: uAAM:ZZAD,103,1,0,1,1,58352,0,0,0,0,0
SEND: n8Zo:ZZAD,104,1,0,1,1,58925,0,0,0,0,0
SEND: kKwn:ZZAD,105,1,0,1,1,59498,0,0,0,0,0
SEND: iosz:ZZAD,106,1,0,1,1,60071,0,0,0,0,0
SEND: zo6u:ZZAD,107,1,0,1,1,60644,0,0,0,0,0
SEND: Blr2:ZZAD,108,1,0,1,1,61217,0,0,0,0,0
SEND: ckUd:ZZAD,109,1,0,1,1,61790,0,0,0,0,0
SEND: fUSD:ZZAD,110,1,0,1,1,62363,0,0,0,0,0
SEND: mPhw:ZZAD,111,1,0,1,1,62936,0,0,0,0,0
SEND: OI36:ZZAD,112,1,0,1,1,63509,0,0,0,0,0
SEND: MzDQ:ZZAD,113,1,0,1,1,64082,0,0,0,0,0
SEND: 3D8F:ZZAD,114,1,0,1,1,64655,0,0,0,0,0
SEND: LiWU:ZZAD,115,1,0,1,1,65228,0,0,0,0,0
SEND: d0nB:ZZAD,116,1,0,1,1,65801,0,0,0,0,0
SEND: Ow6E:ZZAD,117,1,0,1,1,66374,0,0,0,0,0
SEND: rmgA:ZZAD,118,1,0,1,1,66947,0,0,0,0,0
SEND: stoE:ZZAD,119,1,0,1,1,67520,0,0,0,0,0
SEND: aG1i:ZZAD,120,1,0,1,1,68093,0,0,0,0,0
SEND: zOUf:ZZAD,121,1,0,1,1,68666,0,0,0,0,0
SEND: 5Djb:ZZAD,122,1,0,1,1,69239,0,0,0,0,0
SEND: pYkl:ZZAD,123,1,0,1,1,69812,0,0,0,0,0
SEND: drDI:ZZAD,124,1,0,1,1,70385,0,0,0,0,0
SEND: av7E:ZZAD,125,1,0,1,1,70958,0,0,0,0,0
SEND: 5meJ:ZZAD,126,1,0,1,1,71531,0,0,0,0,0
SEND: 9i52:ZZAD,127,1,0,1,1,72104,0,0,0,0,0
SEND: hEfX:ZZAD,128,1,0,1,1,72677,0,0,0,0,0
SEND: wKer:ZZAD,129,1,0,1,1,73250,0,0,0,0,0
SEND: sRcO:ZZAD,130,1,0,1,1,73823,0,0,0,0,0
SEND: lGmd:ZZAD,131,1,0,1,1,74396,0,0,0,0,0
SEND: yxsL:ZZAD,132,1,0,1,1,74969,0,0,0,0,0
SEND: FyGy:ZZAD,133,1,0,1,1,75542,0,0,0,0,0
SEND: Rj63:ZZAD,134,1,0,1,1,76115,0,0,0,0,0
SEND: NEvu:ZZAD,135,1,0,1,1,76688,0,0,0,0,0
SEND: SDP5:ZZAD,136,1,0,1,1,77261,0,0,0,0,0
SEND: PKwe:ZZAD,137,1,0,1,1,77834,0,0,0,0,0
SEND: xBVs:ZZAD,138,1,0,1,1,78407,0,0,0,0,0
SEND: c6ox:ZZAD,139,1,0,1,1,78980,0,0,0,0,0
SEND: lGnF:ZZAD,140,1,0,1,1,79553,0,0,0,0,0
SEND: 2ZPM:ZZAD,141,1,0,1,1,80126,0,0,0,0,0
SEND: Qs4T:ZZAD,142,1,0,1,1,80699,0,0,0,0,0
SEND: nNMA:ZZAD,143,1,0,1,1,81272,0,0,0,0,0
SEND: C3fE:ZZAD,144,1,0,1,1,81845,0,0,0,0,0
SEND: 2Iqh:ZZAD,145,1,0,1,1,82418,0,0,0,0,0
SEND: twSi:ZZAD,146,1,0,1,1,82991,0,0,0,0,0
SEND: pdVO:ZZAD,147,1,0,1,1,83564,0,0,0,0,0
SEND: hEEB:ZZAD,148,1,0,1,1,84137,0,0,0,0,0
SEND: Z9ij:ZZAD,149,1,0,1,1,84710,0,0,0,0,0
SEND: d4mG:ZZAD,150,1,0,1,1,85283,0,0,0,0,0
SEND: gJKg:ZZAD,151,1,0,1,1,85856,0,0,0,0,0
SEND: MdJc:ZZAD,152,1,0,1,1,86429,0,0,0,0,0
SEND: FjNO:ZZAD,153,1,0,1,1,87002,0,0,0,0,0
SEND: hIfO:ZZAD,154,1,0,1,1,87575,0,0,0,0,0
