SEND: QcKz:ZZAE,6,1,0,1,1,3335,0,0,0,0,0
SEND: v0JE:ZZAE,7,1,0,1,1,3902,0,0,0,0,0
SEND: Pibw:ZZAE,8,1,0,1,1,4469,0,0,0,0,0
SEND: FyoM:ZZAE,9,1,0,1,1,5036,0,0,0,0,0
SEND: dksh:ZZAE,10,1,0,1,1,5603,0,0,0,0,0
SEND: 0IdM:ZZAE,11,1,0,1,1,6170,0,0,0,0,0
SEND: O6JU:ZZAE,12,1,0,1,1,6737,0,0,0,0,0
SEND: Wo3d:ZZAE,13,1,0,1,1,7304,0,0,0,0,0
SEND: ACSo:ZZAE,14,1,0,1,1,7871,0,0,0,0,0
SEND: VVOE:ZZAE,15,1,0,1,1,8438,0,0,0,0,0
SEND: nO7P:ZZAE,16,1,0,1,1,9005,0,0,0,0,0
SEND: 1zic:ZZAE,17,1,0,1,1,9572,0,0,0,0,0
SEND: pNCE:ZZAE,18,1,0,1,1,10139,0,0,0,0,0
SEND: WZL9:ZZAE,19,1,0,1,1,10706,0,0,0,0,0
SEND: qRMZ:ZZAE,20,1,0,1,1,11273,0,0,0,0,0
SEND: PWFC:ZZAE,21,1,0,1,1,11840,0,0,0,0,0
SEND: aHcb:ZZAE,22,1,0,1,1,12407,0,0,0,0,0
SEND: i1x4:ZZAE,23,1,0,1,1,12974,0,0,0,0,0
SEND: wyLM:ZZAE,24,1,0,1,1,13541,0,0,0,0,0
SEND: DQms:ZZAE,25,1,0,1,1,14108,0,0,0,0,0
SEND: l8xE:ZZAE,26,1,0,1,1,14675,0,0,0,0,0
SEND: Fy39:ZZAE,27,1,0,1,1,15242,0,0,0,0,0
SEND: 5r5C:ZZAE,28,1,0,1,1,15809,0,0,0,0,0
SEND: ghjZ:ZZAE,29,1,0,1,1,16376,0,0,0,0,0
SEND: gftE:ZZAE,30,1,0,1,1,16943,0,0,0,0,0
SEND: skkJ:ZZAE,31,1,0,1,1,17510,0,0,0,0,0
SEND: ij2Y:ZZAE,32,1,0,1,1,18077,0,0,0,0,0
SEND: 5NwQ:ZZAE,33,1,0,1,1,18644,0,0,0,0,0
SEND: HFcJ:ZZAE,34,1,0,1,1,19211,0,0,0,0,0
SEND: wZZA:ZZAE,35,1,0,1,1,19778,0,0,0,0,0
SEND: VGBk:ZZAE,36,1,0,1,1,20345,0,0,0,0,0
SEND: UYAS:ZZAE,37,1,0,1,1,20912,0,0,0,0,0
SEND: cp7Z:ZZAE,38,1,0,1,1,21479,0,0,0,0,0
SEND: S5Ub:ZZAE,39,1,0,1,1,22046,0,0,0,0,0
SEND: Sd06:ZZAE,40,1,0,1,1,22613,0,0,0,0,0
SEND: XLps:ZZAE,41,1,0,1,1,23180,0,0,0,0,0
SEND: 57c7:ZZAE,42,1,0,1,1,23747,0,0,0,0,0
SEND: fOkM:ZZAE,43,1,0,1,1,24314,0,0,0,0,0
SEND: tvRr:ZZAE,44,1,0,1,1,24881,0,0,0,0,0
SEND: cLtq:ZZAE,45,1,0,1,1,25448,0,0,0,0,0
SEND: 4tFm:ZZAE,46,1,0,1,1,26015,0,0,0,0,0
SEND: Ol9n:ZZAE,47,1,0,1,1,26582,0,0,0,0,0
SEND: DHk7:ZZAE,48,1,0,1,1,27149,0,0,0,0,0
SEND: wUzt:ZZAE,49,1,0,1,1,27716,0,0,0,0,0
SEND: s3hc:ZZAE,50,1,0,1,1,28283,0,0,0,0,0
SEND: DOb4:ZZAE,51,1,0,1,1,28850,0,0,0,0,0
SEND: UpDI:ZZAE,52,1,0,1,1,29417,0,0,0,0,0
SEND: 6Hvh:ZZAE,53,1,0,1,1,29984,0,0,0,0,0
SEND: 1XNc:ZZAE,54,1,0,1,1,30551,0,0,0,0,0
SEND: QBLS:ZZAE,55,1,0,1,1,31118,0,0,0,0,0
SEND: Ce9t:ZZAE,56,1,0,1,1,31685,0,0,0,0,0
SEND: wZ5k:ZZAE,57,1,0,1,1,32252,0,0,0,0,0
SEND: uNHz:ZZAE,58,1,0,1,1,32819,0,0,0,0,0
SEND: r3ER:ZZAE,59,1,0,1,1,33386,0,0,0,0,0
SEND: L7f7:ZZAE,60,1,0,1,1,33953,0,0,0,0,0
SEND: lL7l:ZZAE,61,1,0,1,1,34520,0,0,0,0,0
SEND: Td5q:ZZAE,62,1,0,1,1,35087,0,0,0,0,0
SEND: yflU:ZZAE,63,1,0,1,1,35654,0,0,0,0,0
SEND: AfhA:ZZAE,64,1,0,1,1,36221,0,0,0,0,0
SEND: F8Vi:ZZAE,65,1,0,1,1,36788,0,0,0,0,0
SEND: jiLk:ZZAE,66,1,0,1,1,37355,0,0,0,0,0
SEND: oanE:ZZAE,67,1,0,1,1,37922,0,0,0,0,0
SEND: c2Fa:ZZAE,68,1,0,1,1,38489,0,0,0,0,0
SEND: 03wM:ZZAE,69,1,0,1,1,39056,0,0,0,0,0
SEND: Anif:ZZAE,70,1,0,1,1,39623,0,0,0,0,0
SEND: yiWA:ZZAE,71,1,0,1,1,40190,0,0,0,0,0
SEND: oMoQ:ZZAE,72,1,0,1,1,40757,0,0,0,0,0
SEND: yjN3:ZZAE,73,1,0,1,1,41324,0,0,0,0,0
SEND: 2Kpy:ZZAE,74,1,0,1,1,41891,0,0,0,0,0
SEND: Js9r:ZZAE,75,1,0,1,1,42458,0,0,0,0,0
SEND: DD9q:ZZAE,76,1,0,1,1,43025,0,0,0,0,0
SEND: xcxB:ZZAE,77,1,0,1,1,43592,0,0,0,0,0
SEND: MRS8:ZZAE,78,1,0,1,1,44159,0,0,0,0,0
SEND: TTU1:ZZAE,79,1,0,1,1,44726,0,0,0,0,0
SEND: 1o93:ZZAE,80,1,0,1,1,45293,0,0,0,0,0
SEND: 66e3:ZZAE,81,1,0,1,1,45860,0,0,0,0,0
SEND: ZuLv:ZZAE,82,1,0,1,1,46427,0,0,0,0,0
SEND: 7zgG:ZZAE,83,1,0,1,1,46994,0,0,0,0,0
SEND: ZegA:ZZAE,84,1,0,1,1,47561,0,0,0,0,0
SEND: EdMn:ZZAE,85,1,0,1,1,48128,0,0,0,0,0
SEND: 8y25:ZZAE,86,1,0,1,1,48695,0,0,0,0,0
SEND: 0Mu4:ZZAE,87,1,0,1,1,49262,0,0,0,0,0
SEND: 6m20:ZZAE,88,1,0,1,1,49829,0,0,0,0,0
SEND: 8ayt:ZZAE,89,1,0,1,1,50396,0,0,0,0,0
SEND: qlP6:ZZAE,90,1,0,1,1,50963,0,0,0,0,0
SEND: 8HPh:ZZAE,91,1,0,1,1,51530,0,0,0,0,0
SEND: ykDv:ZZAE,92,1,0,1,1,52097,0,0,0,0,0
SEND: TrJK:ZZAE,93,1,0,1,1,52664,0,0,0,0,0
SEND: FB4H:ZZAE,94,1,0,1,1,53231,0,0,0,0,0
SEND: MwYm:ZZAE,95,1,0,1,1,53798,0,0,0,0,0
SEND: emmp:ZZAE,96,1,0,1,1,54365,0,0,0,0,0
SEND: BvJU:ZZAE,97,1,0,1,1,54932,0,0,0,0,0
SEND: nxTP:ZZAE,98,1,0,1,1,55499,0,0,0,0,0
SEND: B5VE:ZZAE,99,1,0,1,1,56066,0,0,0,0,0
SEND: 2jhD:ZZAE,100,1,0,1,1,56633,0,0,0,0,0
SEND: GQG2:ZZAE,101,1,0,1,1,57206,0,0,0,0,0
SEND: IOfU:ZZAE,102,1,0,1,1,57779,0,0,0,0,0
SEND: dRNE:ZZAE,103,1,0,1,1,58352,0,0,0,0,0
SEND: YhYe:ZZAE,104,1,0,1,1,58925,0,0,0,0,0
SEND: J0Vs:ZZAE,105,1,0,1,1,59498,0,0,0,0,0
SEND: FNVg:ZZAE,106,1,0,1,1,60071,0,0,0,0,0
SEND: 4Zkc:ZZAE,107,1,0,1,1,60644,0,0,0,0,0
SEND: 03F9:ZZAE,108,1,0,1,1,61217,0,0,0,0,0
SEND: 9cBV:ZZAE,109,1,0,1,1,61790,0,0,0,0,0
SEND: gV4W:ZZAE,110,1,0,1,1,62363,0,0,0,0,0
SEND: 3VJ8:ZZAE,111,1,0,1,1,62936,0,0,0,0,0
SEND: fqRt:ZZAE,112,1,0,1,1,63509,0,0,0,0,0
SEND: rwnm:ZZAE,113,1,0,1,1,64082,0,0,0,0,0
SEND: EIv0:ZZAE,114,1,0,1,1,64655,0,0,0,0,0
SEND: 07Wx:ZZAE,115,1,0,1,1,65228,0,0,0,0,0
SEND: IgVk:ZZAE,116,1,0,1,1,65801,0,0,0,0,0
SEND: rqjB:ZZAE,117,1,0,1,1,66374,0,0,0,0,0
SEND: snsS:ZZAE,118,1,0,1,1,66947,0,0,0,0,0
SEND: Npjn:ZZAE,119,1,0,1,1,67520,0,0,0,0,0
SEND: tTfk:ZZAE,120,1,0,1,1,68093,0,0,0,0,0
SEND: 4p9Y:ZZAE,121,1,0,1,1,68666,0,0,0,0,0
SEND: q8iD:ZZAE,122,1,0,1,1,69239,0,0,0,0,0
SEND: OJKr:ZZAE,123,1,0,1,1,69812,0,0,0,0,0
SEND: OACy:ZZAE,124,1,0,1,1,70385,0,0,0,0,0
SEND: TLkw:ZZAE,125,1,0,1,1,70958,0,0,0,0,0
SEND: YsvN:ZZAE,126,1,0,1,1,71531,0,0,0,0,0
SEND: ipuK:ZZAE,127,1,0,1,1,72104,0,0,0,0,0
SEND: GvaA:ZZAE,128,1,0,1,1,72677,0,0,0,0,0
SEND: V0Dw:ZZAE,129,1,0,1,1,73250,0,0,0,0,0
SEND: hlNj:ZZAE,130,1,0,1,1,73823,0,0,0,0,0
SEND: UKhu:ZZAE,131,1,0,1,1,74396,0,0,0,0,0
SEND: RgpI:ZZAE,132,1,0,1,1,74969,0,0,0,0,0
SEND: wAT3:ZZAE,133,1,0,1,1,75542,0,0,0,0,0
SEND: 2kJ8:ZZAE,134,1,0,1,1,76115,0,0,0,0,0
SEND: oS8S:ZZAE,135,1,0,1,1,76688,0,0,0,0,0
SEND: DVaW:ZZAE,136,1,0,1,1,77261,0,0,0,0,0
SEND: gX5l:ZZAE,137,1,0,1,1,77834,0,0,0,0,0
SEND: 8xnv:ZZAE,138,1,0,1,1,78407,0,0,0,0,0
SEND: h8Si:ZZAE,139,1,0,1,1,78980,0,0,0,0,0
SEND: eNEJ:ZZAE,140,1,0,1,1,79553,0,0,0,0,0
SEND: DHZA:ZZAE,141,1,0,1,1,80126,0,0,0,0,0
SEND: 9GiV:ZZAE,142,1,0,1,1,80699,0,0,0,0,0
SEND: MycH:ZZAE,143,1,0,1,1,81272,0,0,0,0,0
SEND: 5ixX:ZZAE,144,1,0,1,1,81845,0,0,0,0,0
SEND: 3geu:ZZAE,145,1,0,1,1,82418,0,0,0,0,0
SEND: A6dB:ZZAE,146,1,0,1,1,82991,0,0,0,0,0
SEND: MVNm:ZZAE,147,1,0,1,1,83564,0,0,0,0,0
SEND: oeZT:ZZAE,148,1,0,1,1,84137,0,0,0,0,0
SEND: 0JDX:ZZAE,149,1,0,1,1,84710,0,0,0,0,0
SEND: IkUp:ZZAE,150,1,0,1,1,85283,0,0,0,0,0
SEND: 1vjo:ZZAE,151,1,0,1,1,85856,0,0,0,0,0
SEND: rQaK:ZZAE,152,1,0,1,1,86429,0,0,0,0,0
SEND: QVxM:ZZAE,153,1,0,1,1,87002,0,0,0,0,0
SEND: AGJk:ZZAE,154,1,0,1,1,87575,0,0,0,0,0
SEND: CxFD:ZZAE,155,1,0,1,1,88148,0,0,0,0,0
SEND: KMzY:ZZAE,156,1,0,1,1,88721,0,0,0,0,0
SEND: pa9t:ZZAE,157,1,0,1,1,89294,0,0,0,0,0
SEND: 8QM1:ZZAE,158,1,0,1,1,89867,0,0,0,0,0
SEND: OTPt:ZZAE,159,1,0,1,1,90440,0,0,0,0,0
SEND: XZoQ:ZZAE,160,1,0,1,1,91013,0,0,0,0,0
SEND: diSJ:ZZAE,161,1,0,1,1,91586,0,0,0,0,0
SEND: BvuM:ZZAE,162,1,0,1,1,92159,0,0,0,0,0
SEND: PvE4:ZZAE,163,1,0,1,1,92732,0,0,0,0,0
SEND: NhNS:ZZAE,164,1,0,1,1,93305,0,0,0,0,0
SEND: v6E4:ZZAE,165,1,0,1,1,93878,0,0,0,0,0
SEND: Kbct:ZZAE,166,1,0,1,1,94451,0,0,0,0,0
