SEND: D3s3:ZZAF,4,1,0,1,1,2202,0,0,0,0,0
SEND: CnMB:ZZAF,5,1,0,1,1,2769,0,0,0,0,0
SEND: IWBG:ZZAF,6,1,0,1,1,3336,0,0,0,0,0
SEND: np9F:ZZAF,7,1,0,1,1,3903,0,0,0,0,0
SEND: ooYr:ZZAF,8,1,0,1,1,4470,0,0,0,0,0
SEND: trKT:ZZAF,9,1,0,1,1,5037,0,0,0,0,0
SEND: Xv3u:ZZAF,10,1,0,1,1,5604,0,0,0,0,0
SEND: MzJY:ZZAF,11,1,0,1,1,6171,0,0,0,0,0
SEND: 4pRk:ZZAF,12,1,0,1,1,6738,0,0,0,0,0
SEND: yBpw:ZZAF,13,1,0,1,1,7305,0,0,0,0,0
SEND: ocku:ZZAF,14,1,0,1,1,7872,0,0,0,0,0
SEND: vR2A:ZZAF,15,1,0,1,1,8439,0,0,0,0,0
SEND: XQJi:ZZAF,16,1,0,1,1,9006,0,0,0,0,0
SEND: DfOc:ZZAF,17,1,0,1,1,9573,0,0,0,0,0
SEND: mshg:ZZAF,18,1,0,1,1,10140,0,0,0,0,0
SEND: cbQ6:ZZAF,19,1,0,1,1,10707,0,0,0,0,0
SEND: m7nv:ZZAF,20,1,0,1,1,11274,0,0,0,0,0
SEND: 5wVh:ZZAF,21,1,0,1,1,11841,0,0,0,0,0
SEND: AwRV:ZZAF,22,1,0,1,1,12408,0,0,0,0,0
SEND: 28pc:ZZAF,23,1,0,1,1,12975,0,0,0,0,0
SEND: Wh0S:ZZAF,24,1,0,1,1,13542,0,0,0,0,0
SEND: HxLu:ZZAF,25,1,0,1,1,14109,0,0,0,0,0
SEND: N0cP:ZZAF,26,1,0,1,1,14676,0,0,0,0,0
SEND: dF2X:ZZAF,27,1,0,1,1,15243,0,0,0,0,0
SEND: EWhw:ZZAF,28,1,0,1,1,15810,0,0,0,0,0
SEND: 67od:ZZAF,29,1,0,1,1,16377,0,0,0,0,0
SEND: 8DGK:ZZAF,30,1,0,1,1,16944,0,0,0,0,0
SEND: qs3M:ZZAF,31,1,0,1,1,17511,0,0,0,0,0
SEND: sao8:ZZAF,32,1,0,1,1,18078,0,0,0,0,0
SEND: RAvB:ZZAF,33,1,0,1,1,18645,0,0,0,0,0
SEND: zhkO:ZZAF,34,1,0,1,1,19212,0,0,0,0,0
SEND: 8GDH:ZZAF,35,1,0,1,1,19779,0,0,0,0,0
SEND: DBlV:ZZAF,36,1,0,1,1,20346,0,0,0,0,0
SEND: auvt:ZZAF,37,1,0,1,1,20913,0,0,0,0,0
SEND: jMMV:ZZAF,38,1,0,1,1,21480,0,0,0,0,0
SEND: 898y:ZZAF,39,1,0,1,1,22047,0,0,0,0,0
SEND: EyXJ:ZZAF,40,1,0,1,1,22614,0,0,0,0,0
SEND: 7We9:ZZAF,41,1,0,1,1,23181,0,0,0,0,0
SEND: NX4D:ZZAF,42,1,0,1,1,23748,0,0,0,0,0
SEND: Lfqe:ZZAF,43,1,0,1,1,24315,0,0,0,0,0
SEND: vE3m:ZZAF,44,1,0,1,1,24882,0,0,0,0,0
SEND: e9n3:ZZAF,45,1,0,1,1,25449,0,0,0,0,0
SEND: oFCk:ZZAF,46,1,0,1,1,26016,0,0,0,0,0
SEND: aoFf:ZZAF,47,1,0,1,1,26583,0,0,0,0,0
SEND: yYkt:ZZAF,48,1,0,1,1,27150,0,0,0,0,0
SEND: WgNJ:ZZAF,49,1,0,1,1,27717,0,0,0,0,0
SEND: 0Vwm:ZZAF,50,1,0,1,1,28284,0,0,0,0,0
SEND: zHGb:ZZAF,51,1,0,1,1,28851,0,0,0,0,0
SEND: amep:ZZAF,52,1,0,1,1,29418,0,0,0,0,0
SEND: GoXk:ZZAF,53,1,0,1,1,29985,0,0,0,0,0
SEND: vIsX:ZZAF,54,1,0,1,1,30552,0,0,0,0,0
SEND: kull:ZZAF,55,1,0,1,1,31119,0,0,0,0,0
SEND: EffI:ZZAF,56,1,0,1,1,31686,0,0,0,0,0
SEND: 8KJn:ZZAF,57,1,0,1,1,32253,0,0,0,0,0
SEND: DJ1Z:ZZAF,58,1,0,1,1,32820,0,0,0,0,0
SEND: Hm6H:ZZAF,59,1,0,1,1,33387,0,0,0,0,0
SEND: hwUK:ZZAF,60,1,0,1,1,33954,0,0,0,0,0
SEND: jj5X:ZZAF,61,1,0,1,1,34521,0,0,0,0,0
SEND: T3js:ZZAF,62,1,0,1,1,35088,0,0,0,0,0
SEND: gp3s:ZZAF,63,1,0,1,1,35655,0,0,0,0,0
SEND: oBt1:ZZAF,64,1,0,1,1,36222,0,0,0,0,0
SEND: ttxh:ZZAF,65,1,0,1,1,36789,0,0,0,0,0
SEND: tP3H:ZZAF,66,1,0,1,1,37356,0,0,0,0,0
SEND: iS5R:ZZAF,67,1,0,1,1,37923,0,0,0,0,0
SEND: BxPn:ZZAF,68,1,0,1,1,38490,0,0,0,0,0
SEND: WJAl:ZZAF,69,1,0,1,1,39057,0,0,0,0,0
SEND: 072N:ZZAF,70,1,0,1,1,39624,0,0,0,0,0
SEND: KHxN:ZZAF,71,1,0,1,1,40191,0,0,0,0,0
SEND: cogB:ZZAF,72,1,0,1,1,40758,0,0,0,0,0
SEND: 0BRQ:ZZAF,73,1,0,1,1,41325,0,0,0,0,0
SEND: KSIZ:ZZAF,74,1,0,1,1,41892,0,0,0,0,0
SEND: 9BN8:ZZAF,75,1,0,1,1,42459,0,0,0,0,0
SEND: DXl1:ZZAF,76,1,0,1,1,43026,0,0,0,0,0
SEND: TGn7:ZZAF,77,1,0,1,1,43593,0,0,0,0,0
SEND: Lc2D:ZZAF,78,1,0,1,1,44160,0,0,0,0,0
SEND: TY1o:ZZAF,79,1,0,1,1,44727,0,0,0,0,0
SEND: zdCp:ZZAF,80,1,0,1,1,45294,0,0,0,0,0
SEND: Y8rA:ZZAF,81,1,0,1,1,45861,0,0,0,0,0
SEND: tuAl:ZZAF,82,1,0,1,1,46428,0,0,0,0,0
SEND: j2FO:ZZAF,83,1,0,1,1,46995,0,0,0,0,0
SEND: Lb0d:ZZAF,84,1,0,1,1,47562,0,0,0,0,0
SEND: AkcJ:ZZAF,85,1,0,1,1,48129,0,0,0,0,0
SEND: qTaI:ZZAF,86,1,0,1,1,48696,0,0,0,0,0
SEND: SEJa:ZZAF,87,1,0,1,1,49263,0,0,0,0,0
SEND: D17Z:ZZAF,88,1,0,1,1,49830,0,0,0,0,0
SEND: yAj4:ZZAF,89,1,0,1,1,50397,0,0,0,0,0
SEND: eDQd:ZZAF,90,1,0,1,1,50964,0,0,0,0,0
SEND: seJE:ZZAF,91,1,0,1,1,51531,0,0,0,0,0
SEND: oTec:ZZAF,92,1,0,1,1,52098,0,0,0,0,0
SEND: nE6t:ZZAF,93,1,0,1,1,52665,0,0,0,0,0
SEND: xjfs:ZZAF,94,1,0,1,1,53232,0,0,0,0,0
SEND: 03ML:ZZAF,95,1,0,1,1,53799,0,0,0,0,0
SEND: wTsA:ZZAF,96,1,0,1,1,54366,0,0,0,0,0
SEND: Xb5q:ZZAF,97,1,0,1,1,54933,0,0,0,0,0
SEND: RPHo:ZZAF,98,1,0,1,1,55500,0,0,0,0,0
SEND: Hbkz:ZZAF,99,1,0,1,1,56067,0,0,0,0,0
SEND: ylHT:ZZAF,100,1,0,1,1,56634,0,0,0,0,0
SEND: MC3h:ZZAF,101,1,0,1,1,57207,0,0,0,0,0
SEND: 1Qig:ZZAF,102,1,0,1,1,57780,0,0,0,0,0
SEND: 7LzA:ZZAF,103,1,0,1,1,58353,0,0,0,0,0
SEND: cJkH:ZZAF,104,1,0,1,1,58926,0,0,0,0,0
SEND: xbg1:ZZAF,105,1,0,1,1,59499,0,0,0,0,0
SEND: 57zF:ZZAF,106,1,0,1,1,60072,0,0,0,0,0
SEND: 6dr4:ZZAF,107,1,0,1,1,60645,0,0,0,0,0
SEND: M1NJ:ZZAF,108,1,0,1,1,61218,0,0,0,0,0
SEND: 3WIM:ZZAF,109,1,0,1,1,61791,0,0,0,0,0
SEND: 22XM:ZZAF,110,1,0,1,1,62364,0,0,0,0,0
SEND: X85p:ZZAF,111,1,0,1,1,62937,0,0,0,0,0
SEND: 8eOf:ZZAF,112,1,0,1,1,63510,0,0,0,0,0
SEND: Db3p:ZZAF,113,1,0,1,1,64083,0,0,0,0,0
SEND: 6dyv:ZZAF,114,1,0,1,1,64656,0,0,0,0,0
SEND: YUFC:ZZAF,115,1,0,1,1,65229,0,0,0,0,0
SEND: 8O1P:ZZAF,116,1,0,1,1,65802,0,0,0,0,0
SEND: bV4E:ZZAF,117,1,0,1,1,66375,0,0,0,0,0
SEND: EHAQ:ZZAF,118,1,0,1,1,66948,0,0,0,0,0
SEND: tiyQ:ZZAF,119,1,0,1,1,67521,0,0,0,0,0
SEND: tV94:ZZAF,120,1,0,1,1,68094,0,0,0,0,0
SEND: yfAk:ZZAF,121,1,0,1,1,68667,0,0,0,0,0
SEND: bmSQ:ZZAF,122,1,0,1,1,69240,0,0,0,0,0
SEND: Ir96:ZZAF,123,1,0,1,1,69813,0,0,0,0,0
SEND: 4NKF:ZZAF,124,1,0,1,1,70386,0,0,0,0,0
SEND: Jbvp:ZZAF,125,1,0,1,1,70959,0,0,0,0,0
SEND: A6Qg:ZZAF,126,1,0,1,1,71532,0,0,0,0,0
SEND: IxKR:ZZAF,127,1,0,1,1,72105,0,0,0,0,0
SEND: Mk00:ZZAF,128,1,0,1,1,72678,0,0,0,0,0
SEND: 3EFW:ZZAF,129,1,0,1,1,73251,0,0,0,0,0
SEND: biKP:ZZAF,130,1,0,1,1,73824,0,0,0,0,0
SEND: wnql:ZZAF,131,1,0,1,1,74397,0,0,0,0,0
SEND: GSXv:ZZAF,132,1,0,1,1,74970,0,0,0,0,0
SEND: Y1vj:ZZAF,133,1,0,1,1,75543,0,0,0,0,0
SEND: wxKn:ZZAF,134,1,0,1,1,76116,0,0,0,0,0
SEND: 4pfu:ZZAF,135,1,0,1,1,76689,0,0,0,0,0
SEND: 3dnN:ZZAF,136,1,0,1,1,77262,0,0,0,0,0
SEND: selM:ZZAF,137,1,0,1,1,77835,0,0,0,0,0
SEND: y2g3:ZZAF,138,1,0,1,1,78408,0,0,0,0,0
SEND: LMLi:ZZAF,139,1,0,1,1,78981,0,0,0,0,0
SEND: gIIR:ZZAF,140,1,0,1,1,79554,0,0,0,0,0
SEND: FBAN:ZZAF,141,1,0,1,1,80127,0,0,0,0,0
SEND: hf9q:ZZAF,142,1,0,1,1,80700,0,0,0,0,0
SEND: SSdh:ZZAF,143,1,0,1,1,81273,0,0,0,0,0
SEND: hCg5:ZZAF,144,1,0,1,1,81846,0,0,0,0,0
SEND: 3XpN:ZZAF,145,1,0,1,1,82419,0,0,0,0,0
SEND: wm6L:ZZAF,146,1,0,1,1,82992,0,0,0,0,0
SEND: GhIN:ZZAF,147,1,0,1,1,83565,0,0,0,0,0
SEND: gS4K:ZZAF,148,1,0,1,1,84138,0,0,0,0,0
SEND: 6Jzi:ZZAF,149,1,0,1,1,84711,0,0,0,0,0
SEND: mx7D:ZZAF,150,1,0,1,1,85284,0,0,0,0,0
SEND: xKAR:ZZAF,151,1,0,1,1,85857,0,0,0,0,0
SEND: 80Ib:ZZAF,152,1,0,1,1,86430,0,0,0,0,0
SEND: ahj4:ZZAF,153,1,0,1,1,87003,0,0,0,0,0
SEND: YUuE:ZZAF,154,1,0,1,1,87576,0,0,0,0,0
SEND: kvzY:ZZAF,155,1,0,1,1,88149,0,0,0,0,0
SEND: 4Roy:ZZAF,156,1,0,1,1,88722,0,0,0,0,0
SEND: R3dQ:ZZAF,157,1,0,1,1,89295,0,0,0,0,0
SEND: ogTo:ZZAF,158,1,0,1,1,89868,0,0,0,0,0
SEND: aYee:ZZAF,159,1,0,1,1,90441,0,0,0,0,0
SEND: LV4z:ZZAF,160,1,0,1,1,91014,0,0,0,0,0
SEND: ZnhZ:ZZAF,161,1,0,1,1,91587,0,0,0,0,0
SEND: Avk8:ZZAF,162,1,0,1,1,92160,0,0,0,0,0
SEND: nA2q:ZZAF,163,1,0,1,1,92733,0,0,0,0,0
SEND: Z1yC:ZZAF,164,1,0,1,1,93306,0,0,0,0,0
SEND: HrPk:ZZAF,165,1,0,1,1,93879,0,0,0,0,0
SEND: Q4JE:ZZAF,166,1,0,1,1,94452,0,0,0,0,0
SEND: uNuo:ZZAF,167,1,0,1,1,95025,0,0,0,0,0
SEND: omDw:ZZAF,168,1,0,1,1,95598,0,0,0,0,0
SEND: nvQq:ZZAF,169,1,0,1,1,96171,0,0,0,0,0
SEND: rN2Y:ZZAF,170,1,0,1,1,96744,0,0,0,0,0
SEND: 9FFB:ZZAF,171,1,0,1,1,97317,0,0,0,0,0
SEND: ahFV:ZZAF,172,1,0,1,1,97890,0,0,0,0,0
SEND: glBA:ZZAF,173,1,0,1,1,98463,0,0,0,0,0
SEND: qXJS:ZZAF,174,1,0,1,1,99036,0,0,0,0,0
SEND: 1Zb4:ZZAF,175,1,0,1,1,99609,0,0,0,0,0
SEND: lyRY:ZZAF,176,1,0,1,1,100182,0,0,0,0,0
SEND: WtwP:ZZAF,177,1,0,1,1,100755,0,0,0,0,0
SEND: SzUn:ZZAF,178,1,0,1,1,101328,0,0,0,0,0
SEND: qNsk:ZZAF,179,1,0,1,1,101901,0,0,0,0,0
SEND: ELsT:ZZAF,180,1,0,1,1,102474,0,0,0,0,0
SEND: Q9z3:ZZAF,181,1,0,1,1,103047,0,0,0,0,0
SEND: qQA0:ZZAF,182,1,0,1,1,103620,0,0,0,0,0
SEND: bAC0:ZZAF,183,1,0,1,1,104193,0,0,0,0,0
SEND: OLRl:ZZAF,184,1,0,1,1,104766,0,0,0,0,0
SEND: CsAu:ZZAF,185,1,0,1,1,105339,0,0,0,0,0
SEND: kPIY:ZZAF,186,1,0,1,1,105912,0,0,0,0,0
SEND: lz29:ZZAF,187,1,0,1,1,106485,0,0,0,0,0
SEND: pE19:ZZAF,188,1,0,1,1,107058,0,0,0,0,0
SEND: LHZE:ZZAF,189,1,0,1,1,107631,0,0,0,0,0
SEND: YyM4:ZZAF,190,1,0,1,1,108204,0,0,0,0,0
SEND: KDKA:ZZAF,191,1,0,1,1,108777,0,0,0,0,0
SEND: 3OLk:ZZAF,192,1,0,1,1,109350,0,0,0,0,0
SEND: gSgo:ZZAF,193,1,0,1,1,109923,0,0,0,0,0
SEND: iR6N:ZZAF,194,1,0,1,1,110496,0,0,0,0,0
SEND: 8UZq:ZZAF,195,1,0,1,1,111069,0,0,0,0,0
SEND: EQmv:ZZAF,196,1,0,1,1,111642,0,0,0,0,0
SEND: SZyM:ZZAF,197,1,0,1,1,112215,0,0,0,0,0
SEND: YL9B:ZZAF,198,1,0,1,1,112788,0,0,0,0,0
SEND: frab:ZZAF,199,1,0,1,1,113361,0,0,0,0,0
SEND: qH1z:ZZAF,200,1,0,1,1,113934,0,0,0,0,0
SEND: 0dFC:ZZAF,201,1,0,1,1,114507,0,0,0,0,0
SEND: WQ29:ZZAF,202,1,0,1,1,115080,0,0,0,0,0
SEND: BHDq:ZZAF,203,1,0,1,1,115653,0,0,0,0,0
SEND: vv8p:ZZAF,204,1,0,1,1,116226,0,0,0,0,0
SEND: Xl4N:ZZAF,205,1,0,1,1,116799,0,0,0,0,0
SEND: asQ9:ZZAF,206,1,0,1,1,117372,0,0,0,0,0
SEND: bhdf:ZZAF,207,1,0,1,1,117945,0,0,0,0,0
SEND: fjy2:ZZAF,208,1,0,1,1,118518,0,0,0,0,0
SEND: Hzuz:ZZAF,209,1,0,1,1,119091,0,0,0,0,0
SEND: jBCE:ZZAF,210,1,0,1,1,119664,0,0,0,0,0
SEND: K9bK:ZZAF,211,1,0,1,1,120237,0,0,0,0,0
SEND: MmCb:ZZAF,212,1,0,1,1,120810,0,0,0,0,0
SEND: DPls:ZZAF,213,1,0,1,1,121383,0,0,0,0,0
SEND: evM2:ZZAF,214,1,0,1,1,121956,0,0,0,0,0
SEND: QzmW:ZZAF,215,1,0,1,1,122529,0,0,0,0,0
SEND: DXEd:ZZAF,216,1,0,1,1,123102,0,0,0,0,0
SEND: BL0F:ZZAF,217,1,0,1,1,123675,0,0,0,0,0
SEND: rlNV:ZZAF,218,1,0,1,1,124248,0,0,0,0,0
