SEND: Ffjh:ZZAG,10,1,0,1,1,5306,0,0,0,0,0
SEND: xxS8:ZZAG,11,1,0,1,1,5840,0,0,0,0,0
SEND: nuyL:ZZAG,12,1,0,1,1,6374,0,0,0,0,0
SEND: rskn:ZZAG,13,1,0,1,1,6908,0,0,0,0,0
SEND: CGdl:ZZAG,14,1,0,1,1,7442,0,0,0,0,0
SEND: bhRX:ZZAG,15,1,0,1,1,7976,0,0,0,0,0
SEND: rjOB:ZZAG,16,1,0,1,1,8510,0,0,0,0,0
SEND: H1YP:ZZAG,17,1,0,1,1,9044,0,0,0,0,0
SEND: axTa:ZZAG,18,1,0,1,1,9578,0,0,0,0,0
SEND: 9IdM:ZZAG,19,1,0,1,1,10112,0,0,0,0,0
SEND: 50bt:ZZAG,20,1,0,1,1,10646,0,0,0,0,0
SEND: AQg1:ZZAG,21,1,0,1,1,11180,0,0,0,0,0
SEND: 6PfE:ZZAG,22,1,0,1,1,11714,0,0,0,0,0
SEND: GevT:ZZAG,23,1,0,1,1,12248,0,0,0,0,0
SEND: kfcG:ZZAG,24,1,0,1,1,12782,0,0,0,0,0
SEND: Fd2T:ZZAG,25,1,0,1,1,13316,0,0,0,0,0
SEND: rFTs:ZZAG,26,1,0,1,1,13850,0,0,0,0,0
SEND: pubh:ZZAG,27,1,0,1,1,14384,0,0,0,0,0
SEND: Hr9l:ZZAG,28,1,0,1,1,14918,0,0,0,0,0
SEND: qoMF:ZZAG,29,1,0,1,1,15452,0,0,0,0,0
SEND: 054H:ZZAG,30,1,0,1,1,15986,0,0,0,0,0
SEND: WjgP:ZZAG,31,1,0,1,1,16520,0,0,0,0,0
SEND: y7JM:ZZAG,32,1,0,1,1,17054,0,0,0,0,0
SEND: nvNm:ZZAG,33,1,0,1,1,17588,0,0,0,0,0
SEND: xaHp:ZZAG,34,1,0,1,1,18122,0,0,0,0,0
SEND: MI9D:ZZAG,35,1,0,1,1,18656,0,0,0,0,0
SEND: 1f2W:ZZAG,36,1,0,1,1,19190,0,0,0,0,0
SEND: PG7D:ZZAG,37,1,0,1,1,19724,0,0,0,0,0
SEND: cmAD:ZZAG,38,1,0,1,1,20258,0,0,0,0,0
SEND: oj0b:ZZAG,39,1,0,1,1,20792,0,0,0,0,0
SEND: C2pL:ZZAG,40,1,0,1,1,21326,0,0,0,0,0
SEND: wRsI:ZZAG,41,1,0,1,1,21860,0,0,0,0,0
SEND: UVIc:ZZAG,42,1,0,1,1,22394,0,0,0,0,0
SEND: 4HBV:ZZAG,43,1,0,1,1,22928,0,0,0,0,0
SEND: PAtI:ZZAG,44,1,0,1,1,23462,0,0,0,0,0
SEND: oQuc:ZZAG,45,1,0,1,1,23996,0,0,0,0,0
SEND: aZhd:ZZAG,46,1,0,1,1,24530,0,0,0,0,0
SEND: ahEi:ZZAG,47,1,0,1,1,25064,0,0,0,0,0
SEND: bXpx:ZZAG,48,1,0,1,1,25598,0,0,0,0,0
SEND: HOUs:ZZAG,49,1,0,1,1,26132,0,0,0,0,0
SEND: DhxQ:ZZAG,50,1,0,1,1,26666,0,0,0,0,0
SEND: 3dT3:ZZAG,51,1,0,1,1,27200,0,0,0,0,0
SEND: CtuF:ZZAG,52,1,0,1,1,27734,0,0,0,0,0
SEND: wHZi:ZZAG,53,1,0,1,1,28268,0,0,0,0,0
SEND: 5Jtc:ZZAG,54,1,0,1,1,28802,0,0,0,0,0
SEND: JH3m:ZZAG,55,1,0,1,1,29336,0,0,0,0,0
SEND: vvqG:ZZAG,56,1,0,1,1,29870,0,0,0,0,0
SEND: 99Oa:ZZAG,57,1,0,1,1,30404,0,0,0,0,0
SEND: wXEh:ZZAG,58,1,0,1,1,30938,0,0,0,0,0
SEND: 3jps:ZZAG,59,1,0,1,1,31472,0,0,0,0,0
SEND: 7i9f:ZZAG,60,1,0,1,1,32006,0,0,0,0,0
SEND: xCbv:ZZAG,61,1,0,1,1,32540,0,0,0,0,0
SEND: LZRK:ZZAG,62,1,0,1,1,33074,0,0,0,0,0
SEND: pm6o:ZZAG,63,1,0,1,1,33608,0,0,0,0,0
SEND: Wt38:ZZAG,64,1,0,1,1,34142,0,0,0,0,0
SEND: haSJ:ZZAG,65,1,0,1,1,34676,0,0,0,0,0
SEND: d9OL:ZZAG,66,1,0,1,1,35210,0,0,0,0,0
SEND: ywra:ZZAG,67,1,0,1,1,35744,0,0,0,0,0
SEND: swBx:ZZAG,68,1,0,1,1,36278,0,0,0,0,0
SEND: nePF:ZZAG,69,1,0,1,1,36812,0,0,0,0,0
SEND: I4Km:ZZAG,70,1,0,1,1,37346,0,0,0,0,0
SEND: 4gOy:ZZAG,71,1,0,1,1,37880,0,0,0,0,0
SEND: nzMS:ZZAG,72,1,0,1,1,38414,0,0,0,0,0
SEND: 2Ts8:ZZAG,73,1,0,1,1,38948,0,0,0,0,0
SEND: vL6i:ZZAG,74,1,0,1,1,39482,0,0,0,0,0
SEND: T8UJ:ZZAG,75,1,0,1,1,40016,0,0,0,0,0
SEND: nqKS:ZZAG,76,1,0,1,1,40550,0,0,0,0,0
SEND: Bb4V:ZZAG,77,1,0,1,1,41084,0,0,0,0,0
SEND: ny2K:ZZAG,78,1,0,1,1,41618,0,0,0,0,0
SEND: a7n5:ZZAG,79,1,0,1,1,42152,0,0,0,0,0
SEND: 4Ml2:ZZAG,80,1,0,1,1,42686,0,0,0,0,0
SEND: y7f0:ZZAG,81,1,0,1,1,43220,0,0,0,0,0
SEND: Rc6g:ZZAG,82,1,0,1,1,43754,0,0,0,0,0
SEND: 3Ifu:ZZAG,83,1,0,1,1,44288,0,0,0,0,0
SEND: ukty:ZZAG,84,1,0,1,1,44822,0,0,0,0,0
SEND: umwU:ZZAG,85,1,0,1,1,45356,0,0,0,0,0
SEND: a1C0:ZZAG,86,1,0,1,1,45890,0,0,0,0,0
SEND: XfpS:ZZAG,87,1,0,1,1,46424,0,0,0,0,0
SEND: kcdz:ZZAG,88,1,0,1,1,46958,0,0,0,0,0
SEND: 7yun:ZZAG,89,1,0,1,1,47492,0,0,0,0,0
SEND: j6mU:ZZAG,90,1,0,1,1,48026,0,0,0,0,0
SEND: x4EQ:ZZAG,91,1,0,1,1,48560,0,0,0,0,0
SEND: hKMA:ZZAG,92,1,0,1,1,49094,0,0,0,0,0
SEND: DJov:ZZAG,93,1,0,1,1,49628,0,0,0,0,0
SEND: NTAy:ZZAG,94,1,0,1,1,50162,0,0,0,0,0
SEND: SClI:ZZAG,95,1,0,1,1,50696,0,0,0,0,0
SEND: 4mPG:ZZAG,96,1,0,1,1,51230,0,0,0,0,0
SEND: X7Ph:ZZAG,97,1,0,1,1,51764,0,0,0,0,0
SEND: xFNn:ZZAG,98,1,0,1,1,52298,0,0,0,0,0
SEND: UKf9:ZZAG,99,1,0,1,1,52832,0,0,0,0,0
SEND: 6AH0:ZZAG,100,1,0,1,1,53366,0,0,0,0,0
SEND: qwai:ZZAG,101,1,0,1,1,53903,0,0,0,0,0
SEND: GPyW:ZZAG,102,1,0,1,1,54440,0,0,0,0,0
SEND: cqRv:ZZAG,103,1,0,1,1,54977,0,0,0,0,0
SEND: TE5K:ZZAG,104,1,0,1,1,55514,0,0,0,0,0
SEND: xYPN:ZZAG,105,1,0,1,1,56051,0,0,0,0,0
SEND: 9lUi:ZZAG,106,1,0,1,1,56588,0,0,0,0,0
SEND: gaKr:ZZAG,107,1,0,1,1,57125,0,0,0,0,0
SEND: v2bE:ZZAG,108,1,0,1,1,57662,0,0,0,0,0
SEND: c9sU:ZZAG,109,1,0,1,1,58199,0,0,0,0,0
SEND: PvzY:ZZAG,110,1,0,1,1,58736,0,0,0,0,0
SEND: BYMN:ZZAG,111,1,0,1,1,59273,0,0,0,0,0
SEND: DlDg:ZZAG,112,1,0,1,1,59810,0,0,0,0,0
SEND: h34I:ZZAG,113,1,0,1,1,60347,0,0,0,0,0
SEND: WFu9:ZZAG,114,1,0,1,1,60884,0,0,0,0,0
SEND: tP9i:ZZAG,115,1,0,1,1,61421,0,0,0,0,0
SEND: DSgq:ZZAG,116,1,0,1,1,61958,0,0,0,0,0
SEND: Xhv8:ZZAG,117,1,0,1,1,62495,0,0,0,0,0
SEND: K6Cj:ZZAG,118,1,0,1,1,63032,0,0,0,0,0
SEND: 6tdx:ZZAG,119,1,0,1,1,63569,0,0,0,0,0
SEND: 2jDs:ZZAG,120,1,0,1,1,64106,0,0,0,0,0
SEND: bYXe:ZZAG,121,1,0,1,1,64643,0,0,0,0,0
SEND: 3zkN:ZZAG,122,1,0,1,1,65180,0,0,0,0,0
SEND: uXRS:ZZAG,123,1,0,1,1,65717,0,0,0,0,0
SEND: KAN8:ZZAG,124,1,0,1,1,66254,0,0,0,0,0
SEND: 1Bil:ZZAG,125,1,0,1,1,66791,0,0,0,0,0
SEND: fY1r:ZZAG,126,1,0,1,1,67328,0,0,0,0,0
SEND: 88mq:ZZAG,127,1,0,1,1,67865,0,0,0,0,0
SEND: h2oK:ZZAG,128,1,0,1,1,68402,0,0,0,0,0
SEND: rtCQ:ZZAG,129,1,0,1,1,68939,0,0,0,0,0
SEND: a0l3:ZZAG,130,1,0,1,1,69476,0,0,0,0,0
SEND: AO6a:ZZAG,131,1,0,1,1,70013,0,0,0,0,0
SEND: 5sPo:ZZAG,132,1,0,1,1,70550,0,0,0,0,0
SEND: kPQP:ZZAG,133,1,0,1,1,71087,0,0,0,0,0
SEND: ITYu:ZZAG,134,1,0,1,1,71624,0,0,0,0,0
SEND: kLXH:ZZAG,135,1,0,1,1,72161,0,0,0,0,0
SEND: AsNf:ZZAG,136,1,0,1,1,72698,0,0,0,0,0
SEND: vOgY:ZZAG,137,1,0,1,1,73235,0,0,0,0,0
SEND: 0Frd:ZZAG,138,1,0,1,1,73772,0,0,0,0,0
SEND: ASzX:ZZAG,139,1,0,1,1,74309,0,0,0,0,0
SEND: 89rQ:ZZAG,140,1,0,1,1,74846,0,0,0,0,0
SEND: MK5H:ZZAG,141,1,0,1,1,75383,0,0,0,0,0
SEND: UydH:ZZAG,142,1,0,1,1,75920,0,0,0,0,0
SEND: Zv0i:ZZAG,143,1,0,1,1,76457,0,0,0,0,0
SEND: KYVu:ZZAG,144,1,0,1,1,76994,0,0,0,0,0
SEND: Nw03:ZZAG,145,1,0,1,1,77531,0,0,0,0,0
SEND: SJYw:ZZAG,146,1,0,1,1,78068,0,0,0,0,0
SEND: ECJI:ZZAG,147,1,0,1,1,78605,0,0,0,0,0
SEND: GaJS:ZZAG,148,1,0,1,1,79142,0,0,0,0,0
SEND: 6HfZ:ZZAG,149,1,0,1,1,79679,0,0,0,0,0
SEND: hB8e:ZZAG,150,1,0,1,1,80216,0,0,0,0,0
SEND: aiDY:ZZAG,151,1,0,1,1,80753,0,0,0,0,0
SEND: YJ6W:ZZAG,152,1,0,1,1,81290,0,0,0,0,0
SEND: j5j3:ZZAG,153,1,0,1,1,81827,0,0,0,0,0
SEND: ZOnS:ZZAG,154,1,0,1,1,82364,0,0,0,0,0
SEND: jRpS:ZZAG,155,1,0,1,1,82901,0,0,0,0,0
SEND: McaB:ZZAG,156,1,0,1,1,83438,0,0,0,0,0
SEND: Xnel:ZZAG,157,1,0,1,1,83975,0,0,0,0,0
SEND: KfAt:ZZAG,158,1,0,1,1,84512,0,0,0,0,0
SEND: 13Wm:ZZAG,159,1,0,1,1,85049,0,0,0,0,0
SEND: 1bfx:ZZAG,160,1,0,1,1,85586,0,0,0,0,0
SEND: i6av:ZZAG,161,1,0,1,1,86123,0,0,0,0,0
SEND: ZkUY:ZZAG,162,1,0,1,1,86660,0,0,0,0,0
SEND: kfNA:ZZAG,163,1,0,1,1,87197,0,0,0,0,0
SEND: UdRM:ZZAG,164,1,0,1,1,87734,0,0,0,0,0
SEND: qL78:ZZAG,165,1,0,1,1,88271,0,0,0,0,0
SEND: nICX:ZZAG,166,1,0,1,1,88808,0,0,0,0,0
SEND: dUoY:ZZAG,167,1,0,1,1,89345,0,0,0,0,0
SEND: aIQA:ZZAG,168,1,0,1,1,89882,0,0,0,0,0
SEND: npWL:ZZAG,169,1,0,1,1,90419,0,0,0,0,0
SEND: L0P6:ZZAG,170,1,0,1,1,90956,0,0,0,0,0
SEND: xt2W:ZZAG,171,1,0,1,1,91493,0,0,0,0,0
SEND: mQR2:ZZAG,172,1,0,1,1,92030,0,0,0,0,0
SEND: wIFn:ZZAG,173,1,0,1,1,92567,0,0,0,0,0
SEND: 1FB8:ZZAG,174,1,0,1,1,93104,0,0,0,0,0
SEND: ouuU:ZZAG,175,1,0,1,1,93641,0,0,0,0,0
SEND: h2AS:ZZAG,176,1,0,1,1,94178,0,0,0,0,0
SEND: Rwja:ZZAG,177,1,0,1,1,94715,0,0,0,0,0
SEND: BkrW:ZZAG,178,1,0,1,1,95252,0,0,0,0,0
SEND: bOpY:ZZAG,179,1,0,1,1,95789,0,0,0,0,0
SEND: vaLv:ZZAG,180,1,0,1,1,96326,0,0,0,0,0
SEND: ulIA:ZZAG,181,1,0,1,1,96863,0,0,0,0,0
SEND: Jba2:ZZAG,182,1,0,1,1,97400,0,0,0,0,0
SEND: pN0i:ZZAG,183,1,0,1,1,97937,0,0,0,0,0
SEND: lUCh:ZZAG,184,1,0,1,1,98474,0,0,0,0,0
SEND: ma8Y:ZZAG,185,1,0,1,1,99011,0,0,0,0,0
SEND: kcDw:ZZAG,186,1,0,1,1,99548,0,0,0,0,0
SEND: SzrM:ZZAG,187,1,0,1,1,100085,0,0,0,0,0
SEND: efoZ:ZZAG,188,1,0,1,1,100622,0,0,0,0,0
SEND: jEAc:ZZAG,189,1,0,1,1,101159,0,0,0,0,0
SEND: fAYz:ZZAG,190,1,0,1,1,101696,0,0,0,0,0
SEND: 0105:ZZAG,191,1,0,1,1,102233,0,0,0,0,0
SEND: hlkK:ZZAG,192,1,0,1,1,102770,0,0,0,0,0
SEND: 9xbO:ZZAG,193,1,0,1,1,103307,0,0,0,0,0
SEND: e1rC:ZZAG,194,1,0,1,1,103844,0,0,0,0,0
SEND: WZrO:ZZAG,195,1,0,1,1,104381,0,0,0,0,0
SEND: HnmG:ZZAG,196,1,0,1,1,104918,0,0,0,0,0
SEND: Hztf:ZZAG,197,1,0,1,1,105455,0,0,0,0,0
SEND: Chf5:ZZAG,198,1,0,1,1,105992,0,0,0,0,0
SEND: yYVT:ZZAG,199,1,0,1,1,106529,0,0,0,0,0
SEND: Az3e:ZZAG,200,1,0,1,1,107066,0,0,0,0,0
SEND: kTUZ:ZZAG,201,1,0,1,1,107603,0,0,0,0,0
SEND: k1Qa:ZZAG,202,1,0,1,1,108140,0,0,0,0,0
SEND: yvl5:ZZAG,203,1,0,1,1,108677,0,0,0,0,0
SEND: 7QSm:ZZAG,204,1,0,1,1,109214,0,0,0,0,0
SEND: Kmo2:ZZAG,205,1,0,1,1,109751,0,0,0,0,0
SEND: K78b:ZZAG,206,1,0,1,1,110288,0,0,0,0,0
SEND: idRT:ZZAG,207,1,0,1,1,110825,0,0,0,0,0
SEND: SS0Z:ZZAG,208,1,0,1,1,111362,0,0,0,0,0
SEND: Kzd0:ZZAG,209,1,0,1,1,111899,0,0,0,0,0
SEND: We2J:ZZAG,210,1,0,1,1,112436,0,0,0,0,0
SEND: rswk:ZZAG,211,1,0,1,1,112973,0,0,0,0,0
SEND: KJJ2:ZZAG,212,1,0,1,1,113510,0,0,0,0,0
SEND: jhSW:ZZAG,213,1,0,1,1,114047,0,0,0,0,0
SEND: WJRm:ZZAG,214,1,0,1,1,114584,0,0,0,0,0
SEND: ZT8G:ZZAG,215,1,0,1,1,115121,0,0,0,0,0
SEND: nBUt:ZZAG,216,1,0,1,1,115658,0,0,0,0,0
SEND: B687:ZZAG,217,1,0,1,1,116195,0,0,0,0,0
SEND: DtCi:ZZAG,218,1,0,1,1,116732,0,0,0,0,0
SEND: IJNp:ZZAG,219,1,0,1,1,117269,0,0,0,0,0
SEND: pTLm:ZZAG,220,1,0,1,1,117806,0,0,0,0,0
SEND: p57L:ZZAG,221,1,0,1,1,118343,0,0,0,0,0
SEND: EUTI:ZZAG,222,1,0,1,1,118880,0,0,0,0,0
SEND: ys5t:ZZAG,223,1,0,1,1,119417,0,0,0,0,0
SEND: FRXs:ZZAG,224,1,0,1,1,119954,0,0,0,0,0
SEND: yF9E:ZZAG,225,1,0,1,1,120491,0,0,0,0,0
SEND: Ob3x:ZZAG,226,1,0,1,1,121028,0,0,0,0,0
SEND: XDm5:ZZAG,227,1,0,1,1,121565,0,0,0,0,0
SEND: Ags8:ZZAG,228,1,0,1,1,122102,0,0,0,0,0
SEND: uoLQ:ZZAG,229,1,0,1,1,122639,0,0,0,0,0
SEND: Vlsc:ZZAG,230,1,0,1,1,123176,0,0,0,0,0
SEND: 1BfL:ZZAG,231,1,0,1,1,123713,0,0,0,0,0
SEND: dAeE:ZZAG,232,1,0,1,1,124250,0,0,0,0,0
SEND: lhMK:ZZAG,233,1,0,1,1,124787,0,0,0,0,0
SEND: 088Z:ZZAG,234,1,0,1,1,125324,0,0,0,0,0
SEND: 7e0v:ZZAG,235,1,0,1,1,125861,0,0,0,0,0
SEND: SmDV:ZZAG,236,1,0,1,1,126398,0,0,0,0,0
SEND: Ceeu:ZZAG,237,1,0,1,1,126935,0,0,0,0,0
SEND: IVSe:ZZAG,238,1,0,1,1,127472,0,0,0,0,0
SEND: IiD6:ZZAG,239,1,0,1,1,128009,0,0,0,0,0
SEND: sswk:ZZAG,240,1,0,1,1,128546,0,0,0,0,0
SEND: Ywro:ZZAG,241,1,0,1,1,129083,0,0,0,0,0
SEND: C33V:ZZAG,242,1,0,1,1,129620,0,0,0,0,0
SEND: 2CRo:ZZAG,243,1,0,1,1,130157,0,0,0,0,0
SEND: XLOm:ZZAG,244,1,0,1,1,130694,0,0,0,0,0
SEND: agnx:ZZAG,245,1,0,1,1,131231,0,0,0,0,0
SEND: q1zi:ZZAG,246,1,0,1,1,131768,0,0,0,0,0
SEND: RS2J:ZZAG,247,1,0,1,1,132305,0,0,0,0,0
SEND: YpHf:ZZAG,248,1,0,1,1,132842,0,0,0,0,0
SEND: x6Ko:ZZAG,249,1,0,1,1,133379,0,0,0,0,0
SEND: s9rq:ZZAG,250,1,0,1,1,133916,0,0,0,0,0
SEND: KjPf:ZZAG,251,1,0,1,1,134453,0,0,0,0,0
SEND: Vgl0:ZZAG,252,1,0,1,1,134990,0,0,0,0,0
SEND: vTTQ:ZZAG,253,1,0,1,1,135527,0,0,0,0,0
SEND: fMdn:ZZAG,254,1,0,1,1,136064,0,0,0,0,0
SEND: tBBd:ZZAG,255,1,0,1,1,136601,0,0,0,0,0
