SEND: Vdzz:ZZAI,5,1,0,1,1,3036,0,0,0,0,0
SEND: waCS:ZZAI,6,1,0,1,1,3670,0,0,0,0,0
SEND: aBj1:ZZAI,7,1,0,1,1,4304,0,0,0,0,0
SEND: 01uH:ZZAI,8,1,0,1,1,4938,0,0,0,0,0
SEND: 8q0V:ZZAI,9,1,0,1,1,5572,0,0,0,0,0
SEND: p7AX:ZZAI,10,1,0,1,1,6206,0,0,0,0,0
SEND: YpMU:ZZAI,11,1,0,1,1,6840,0,0,0,0,0
SEND: hP6o:ZZAI,12,1,0,1,1,7474,0,0,0,0,0
SEND: JV0h:ZZAI,13,1,0,1,1,8108,0,0,0,0,0
SEND: cunU:ZZAI,14,1,0,1,1,8742,0,0,0,0,0
SEND: 5lZU:ZZAI,15,1,0,1,1,9376,0,0,0,0,0
SEND: JRJE:ZZAI,16,1,0,1,1,10010,0,0,0,0,0
SEND: fjYT:ZZAI,17,1,0,1,1,10644,0,0,0,0,0
SEND: uv9I:ZZAI,18,1,0,1,1,11278,0,0,0,0,0
SEND: eQxJ:ZZAI,19,1,0,1,1,11912,0,0,0,0,0
SEND: qYVs:ZZAI,20,1,0,1,1,12546,0,0,0,0,0
SEND: adcX:ZZAI,21,1,0,1,1,13180,0,0,0,0,0
SEND: vQyK:ZZAI,22,1,0,1,1,13814,0,0,0,0,0
SEND: kQqr:ZZAI,23,1,0,1,1,14448,0,0,0,0,0
SEND: kYj6:ZZAI,24,1,0,1,1,15082,0,0,0,0,0
SEND: zIU7:ZZAI,25,1,0,1,1,15716,0,0,0,0,0
SEND: xyUv:ZZAI,26,1,0,1,1,16350,0,0,0,0,0
SEND: LYUC:ZZAI,27,1,0,1,1,16984,0,0,0,0,0
SEND: P6xF:ZZAI,28,1,0,1,1,17618,0,0,0,0,0
SEND: 1HtV:ZZAI,29,1,0,1,1,18252,0,0,0,0,0
SEND: avCp:ZZAI,30,1,0,1,1,18886,0,0,0,0,0
SEND: HNrh:ZZAI,31,1,0,1,1,19520,0,0,0,0,0
SEND: r2FD:ZZAI,32,1,0,1,1,20154,0,0,0,0,0
SEND: rhvg:ZZAI,33,1,0,1,1,20788,0,0,0,0,0
SEND: C7qy:ZZAI,34,1,0,1,1,21422,0,0,0,0,0
SEND: PZHC:ZZAI,35,1,0,1,1,22056,0,0,0,0,0
SEND: 4j5R:ZZAI,36,1,0,1,1,22690,0,0,0,0,0
SEND: iVab:ZZAI,37,1,0,1,1,23324,0,0,0,0,0
SEND: ieU7:ZZAI,38,1,0,1,1,23958,0,0,0,0,0
SEND: eKyz:ZZAI,39,1,0,1,1,24592,0,0,0,0,0
SEND: LvtO:ZZAI,40,1,0,1,1,25226,0,0,0,0,0
SEND: AKfR:ZZAI,41,1,0,1,1,25860,0,0,0,0,0
SEND: LcPB:ZZAI,42,1,0,1,1,26494,0,0,0,0,0
SEND: xwY1:ZZAI,43,1,0,1,1,27128,0,0,0,0,0
SEND: 0B0Y:ZZAI,44,1,0,1,1,27762,0,0,0,0,0
SEND: tH4E:ZZAI,45,1,0,1,1,28396,0,0,0,0,0
SEND: gzGR:ZZAI,46,1,0,1,1,29030,0,0,0,0,0
SEND: ylNm:ZZAI,47,1,0,1,1,29664,0,0,0,0,0
SEND: qxhO:ZZAI,48,1,0,1,1,30298,0,0,0,0,0
SEND: WwDs:ZZAI,49,1,0,1,1,30932,0,0,0,0,0
SEND: MXKy:ZZAI,50,1,0,1,1,31566,0,0,0,0,0
SEND: hNeE:ZZAI,51,1,0,1,1,32200,0,0,0,0,0
SEND: zt21:ZZAI,52,1,0,1,1,32834,0,0,0,0,0
SEND: yFXi:ZZAI,53,1,0,1,1,33468,0,0,0,0,0
SEND: JwAH:ZZAI,54,1,0,1,1,34102,0,0,0,0,0
SEND: bb8k:ZZAI,55,1,0,1,1,34736,0,0,0,0,0
SEND: HLTT:ZZAI,56,1,0,1,1,35370,0,0,0,0,0
SEND: VFTG:ZZAI,57,1,0,1,1,36004,0,0,0,0,0
SEND: 7NoQ:ZZAI,58,1,0,1,1,36638,0,0,0,0,0
SEND: feNl:ZZAI,59,1,0,1,1,37272,0,0,0,0,0
SEND: 1oPe:ZZAI,60,1,0,1,1,37906,0,0,0,0,0
SEND: 7ByR:ZZAI,61,1,0,1,1,38540,0,0,0,0,0
SEND: yj4G:ZZAI,62,1,0,1,1,39174,0,0,0,0,0
SEND: 5B3Z:ZZAI,63,1,0,1,1,39808,0,0,0,0,0
SEND: MId5:ZZAI,64,1,0,1,1,40442,0,0,0,0,0
SEND: lZ7K:ZZAI,65,1,0,1,1,41076,0,0,0,0,0
SEND: JxMZ:ZZAI,66,1,0,1,1,41710,0,0,0,0,0
SEND: saN1:ZZAI,67,1,0,1,1,42344,0,0,0,0,0
SEND: ghij:ZZAI,68,1,0,1,1,42978,0,0,0,0,0
SEND: hgvY:ZZAI,69,1,0,1,1,43612,0,0,0,0,0
SEND: 5bkp:ZZAI,70,1,0,1,1,44246,0,0,0,0,0
SEND: ozvX:ZZAI,71,1,0,1,1,44880,0,0,0,0,0
SEND: cCLP:ZZAI,72,1,0,1,1,45514,0,0,0,0,0
SEND: 9TcS:ZZAI,73,1,0,1,1,46148,0,0,0,0,0
SEND: GBTg:ZZAI,74,1,0,1,1,46782,0,0,0,0,0
SEND: usjy:ZZAI,75,1,0,1,1,47416,0,0,0,0,0
SEND: swjO:ZZAI,76,1,0,1,1,48050,0,0,0,0,0
SEND: 2ofP:ZZAI,77,1,0,1,1,48684,0,0,0,0,0
SEND: WJAB:ZZAI,78,1,0,1,1,49318,0,0,0,0,0
SEND: f9S1:ZZAI,79,1,0,1,1,49952,0,0,0,0,0
SEND: 4nIQ:ZZAI,80,1,0,1,1,50586,0,0,0,0,0
SEND: fFgG:ZZAI,81,1,0,1,1,51220,0,0,0,0,0
SEND: xfRa:ZZAI,82,1,0,1,1,51854,0,0,0,0,0
SEND: sAde:ZZAI,83,1,0,1,1,52488,0,0,0,0,0
SEND: 3e5q:ZZAI,84,1,0,1,1,53122,0,0,0,0,0
SEND: F71a:ZZAI,85,1,0,1,1,53756,0,0,0,0,0
SEND: x2sF:ZZAI,86,1,0,1,1,54390,0,0,0,0,0
SEND: dkhQ:ZZAI,87,1,0,1,1,55024,0,0,0,0,0
SEND: LExV:ZZAI,88,1,0,1,1,55658,0,0,0,0,0
SEND: d3xK:ZZAI,89,1,0,1,1,56292,0,0,0,0,0
SEND: 9HxA:ZZAI,90,1,0,1,1,56926,0,0,0,0,0
SEND: VkkN:ZZAI,91,1,0,1,1,57560,0,0,0,0,0
SEND: 2CN8:ZZAI,92,1,0,1,1,58194,0,0,0,0,0
SEND: VWq7:ZZAI,93,1,0,1,1,58828,0,0,0,0,0
SEND: BSw3:ZZAI,94,1,0,1,1,59462,0,0,0,0,0
SEND: 1Mxi:ZZAI,95,1,0,1,1,60096,0,0,0,0,0
SEND: NOSj:ZZAI,96,1,0,1,1,60730,0,0,0,0,0
SEND: 2zDS:ZZAI,97,1,0,1,1,61364,0,0,0,0,0
SEND: stfk:ZZAI,98,1,0,1,1,61998,0,0,0,0,0
SEND: xNF4:ZZAI,99,1,0,1,1,62632,0,0,0,0,0
SEND: Exgk:ZZAI,100,1,0,1,1,63266,0,0,0,0,0
SEND: A27I:ZZAI,101,1,0,1,1,63911,0,0,0,0,0
SEND: U03m:ZZAI,102,1,0,1,1,64555,0,0,0,0,0
SEND: 3OdU:ZZAI,103,1,0,1,1,65200,0,0,0,0,0
SEND: Izgx:ZZAI,104,1,0,1,1,65844,0,0,0,0,0
SEND: QkBi:ZZAI,105,1,0,1,1,66488,0,0,0,0,0
SEND: Pqch:ZZAI,106,1,0,1,1,67133,0,0,0,0,0
SEND: ckzq:ZZAI,107,1,0,1,1,67777,0,0,0,0,0
SEND: 2DV7:ZZAI,108,1,0,1,1,68421,0,0,0,0,0
SEND: bqaV:ZZAI,109,1,0,1,1,69066,0,0,0,0,0
SEND: lk5d:ZZAI,110,1,0,1,1,69710,0,0,0,0,0
SEND: l4gV:ZZAI,111,1,0,1,1,70355,0,0,0,0,0
SEND: a1Du:ZZAI,112,1,0,1,1,71000,0,0,0,0,0
SEND: l5Ql:ZZAI,113,1,0,1,1,71644,0,0,0,0,0
SEND: mIJ6:ZZAI,114,1,0,1,1,72289,0,0,0,0,0
SEND: 4JJm:ZZAI,115,1,0,1,1,72934,0,0,0,0,0
SEND: OTRg:ZZAI,116,1,0,1,1,73578,0,0,0,0,0
SEND: 3u6x:ZZAI,117,1,0,1,1,74223,0,0,0,0,0
SEND: H7Ae:ZZAI,118,1,0,1,1,74868,0,0,0,0,0
SEND: dOlw:ZZAI,119,1,0,1,1,75512,0,0,0,0,0
SEND: lySF:ZZAI,120,1,0,1,1,76157,0,0,0,0,0
SEND: cX7n:ZZAI,121,1,0,1,1,76801,0,0,0,0,0
SEND: Iw2m:ZZAI,122,1,0,1,1,77445,0,0,0,0,0
SEND: MnxI:ZZAI,123,1,0,1,1,78090,0,0,0,0,0
SEND: EWfP:ZZAI,124,1,0,1,1,78734,0,0,0,0,0
SEND: EC8B:ZZAI,125,1,0,1,1,79378,0,0,0,0,0
SEND: 9kZr:ZZAI,126,1,0,1,1,80022,0,0,0,0,0
