SEND: 6x1x:ZZAI,1,1,0,1,1,1000,0,0,0,0,0
SEND: ElCi:ZZAI,2,1,0,1,1,2134,0,0,0,0,0
SEND: aTEw:ZZAI,3,1,0,1,1,3268,0,0,0,0,0
SEND: Co0s:ZZAI,4,1,0,1,1,4402,0,0,0,0,0
SEND: S59O:ZZAI,5,1,0,1,1,5536,0,0,0,0,0
SEND: Hv7v:ZZAI,6,1,0,1,1,6670,0,0,0,0,0
SEND: UGKE:ZZAI,7,1,0,1,1,7804,0,0,0,0,0
SEND: ofGc:ZZAI,8,1,0,1,1,8938,0,0,0,0,0
SEND: dORS:ZZAI,9,1,0,1,1,10072,0,0,0,0,0
SEND: jHq8:ZZAI,10,1,0,1,1,11206,0,0,0,0,0
SEND: sKTT:ZZAI,11,1,0,1,1,12340,0,0,0,0,0
SEND: OoLV:ZZAI,12,1,0,1,1,13474,0,0,0,0,0
SEND: jpYH:ZZAI,13,1,0,1,1,14608,0,0,0,0,0
SEND: 8Knr:ZZAI,14,1,0,1,1,15742,0,0,0,0,0
SEND: wXoy:ZZAI,15,1,0,1,1,16876,0,0,0,0,0
SEND: l7qS:ZZAI,16,1,0,1,1,18010,0,0,0,0,0
SEND: 3u45:ZZAI,17,1,0,1,1,19144,0,0,0,0,0
SEND: 4ZdX:ZZAI,18,1,0,1,1,20278,0,0,0,0,0
SEND: q7iX:ZZAI,19,1,0,1,1,21412,0,0,0,0,0
SEND: tgW8:ZZAI,20,1,0,1,1,22546,0,0,0,0,0
SEND: 0GeX:ZZAI,21,1,0,1,1,23680,0,0,0,0,0
SEND: HeD6:ZZAI,22,1,0,1,1,24814,0,0,0,0,0
SEND: hrQd:ZZAI,23,1,0,1,1,25948,0,0,0,0,0
SEND: RC2n:ZZAI,24,1,0,1,1,27082,0,0,0,0,0
SEND: a58d:ZZAI,25,1,0,1,1,28216,0,0,0,0,0
SEND: HfrS:ZZAI,26,1,0,1,1,29350,0,0,0,0,0
SEND: oxM7:ZZAI,27,1,0,1,1,30484,0,0,0,0,0
SEND: z2A7:ZZAI,28,1,0,1,1,31618,0,0,0,0,0
SEND: sN6V:ZZAI,29,1,0,1,1,32752,0,0,0,0,0
SEND: X7qI:ZZAI,30,1,0,1,1,33886,0,0,0,0,0
SEND: Un76:ZZAI,31,1,0,1,1,35020,0,0,0,0,0
SEND: cYAC:ZZAI,32,1,0,1,1,36154,0,0,0,0,0
SEND: yoBs:ZZAI,33,1,0,1,1,37288,0,0,0,0,0
SEND: QwDR:ZZAI,34,1,0,1,1,38422,0,0,0,0,0
SEND: IznF:ZZAI,35,1,0,1,1,39556,0,0,0,0,0
SEND: Qx5r:ZZAI,36,1,0,1,1,40690,0,0,0,0,0
SEND: 3G06:ZZAI,37,1,0,1,1,41824,0,0,0,0,0
SEND: bTJH:ZZAI,38,1,0,1,1,42958,0,0,0,0,0
SEND: 1qNC:ZZAI,39,1,0,1,1,44092,0,0,0,0,0
SEND: J3H4:ZZAI,40,1,0,1,1,45226,0,0,0,0,0
SEND: CsRS:ZZAI,41,1,0,1,1,46360,0,0,0,0,0
SEND: ibS3:ZZAI,42,1,0,1,1,47494,0,0,0,0,0
SEND: dxBH:ZZAI,43,1,0,1,1,48628,0,0,0,0,0
SEND: 4TKu:ZZAI,44,1,0,1,1,49762,0,0,0,0,0
SEND: tHl7:ZZAI,45,1,0,1,1,50896,0,0,0,0,0
SEND: kV58:ZZAI,46,1,0,1,1,52030,0,0,0,0,0
SEND: Ky3w:ZZAI,47,1,0,1,1,53164,0,0,0,0,0
SEND: eoMi:ZZAI,48,1,0,1,1,54298,0,0,0,0,0
SEND: wEoJ:ZZAI,49,1,0,1,1,55432,0,0,0,0,0
SEND: naIi:ZZAI,50,1,0,1,1,56566,0,0,0,0,0
SEND: p2LW:ZZAI,51,1,0,1,1,57700,0,0,0,0,0
SEND: 3lXg:ZZAI,52,1,0,1,1,58834,0,0,0,0,0
SEND: ZE0g:ZZAI,53,1,0,1,1,59968,0,0,0,0,0
SEND: Nqgl:ZZAI,54,1,0,1,1,61102,0,0,0,0,0
SEND: tl8O:ZZAI,55,1,0,1,1,62236,0,0,0,0,0
SEND: cn5C:ZZAI,56,1,0,1,1,63370,0,0,0,0,0
SEND: lOUA:ZZAI,57,1,0,1,1,64504,0,0,0,0,0
SEND: lThD:ZZAI,58,1,0,1,1,65638,0,0,0,0,0
SEND: iM1r:ZZAI,59,1,0,1,1,66772,0,0,0,0,0
SEND: ejQS:ZZAI,60,1,0,1,1,67906,0,0,0,0,0
SEND: w4pI:ZZAI,61,1,0,1,1,69040,0,0,0,0,0
SEND: P1gU:ZZAI,62,1,0,1,1,70174,0,0,0,0,0
SEND: 84GY:ZZAI,63,1,0,1,1,71308,0,0,0,0,0
SEND: DThz:ZZAI,64,1,0,1,1,72442,0,0,0,0,0
SEND: BJ8F:ZZAI,65,1,0,1,1,73576,0,0,0,0,0
SEND: TlkJ:ZZAI,66,1,0,1,1,74710,0,0,0,0,0
SEND: tnPe:ZZAI,67,1,0,1,1,75844,0,0,0,0,0
SEND: vF3q:ZZAI,68,1,0,1,1,76978,0,0,0,0,0
SEND: Ur4m:ZZAI,69,1,0,1,1,78112,0,0,0,0,0
SEND: Jasg:ZZAI,70,1,0,1,1,79246,0,0,0,0,0
SEND: L1SM:ZZAI,71,1,0,1,1,80380,0,0,0,0,0
SEND: EKk0:ZZAI,72,1,0,1,1,81514,0,0,0,0,0
SEND: SJaK:ZZAI,73,1,0,1,1,82648,0,0,0,0,0
SEND: X57T:ZZAI,74,1,0,1,1,83782,0,0,0,0,0
SEND: saO0:ZZAI,75,1,0,1,1,84916,0,0,0,0,0
SEND: Ql6z:ZZAI,76,1,0,1,1,86050,0,0,0,0,0
SEND: 8XoS:ZZAI,77,1,0,1,1,87184,0,0,0,0,0
SEND: jTal:ZZAI,78,1,0,1,1,88318,0,0,0,0,0
SEND: c4c1:ZZAI,79,1,0,1,1,89452,0,0,0,0,0
SEND: 8Jld:ZZAI,80,1,0,1,1,90586,0,0,0,0,0
SEND: Kffr:ZZAI,81,1,0,1,1,91720,0,0,0,0,0
SEND: Oj5X:ZZAI,82,1,0,1,1,92854,0,0,0,0,0
SEND: 8O1W:ZZAI,83,1,0,1,1,93988,0,0,0,0,0
SEND: vz6K:ZZAI,84,1,0,1,1,95122,0,0,0,0,0
SEND: nARE:ZZAI,85,1,0,1,1,96256,0,0,0,0,0
SEND: c3ZA:ZZAI,86,1,0,1,1,97390,0,0,0,0,0
SEND: heG0:ZZAI,87,1,0,1,1,98524,0,0,0,0,0
SEND: JlAN:ZZAI,88,1,0,1,1,99658,0,0,0,0,0
SEND: O72E:ZZAI,89,1,0,1,1,100792,0,0,0,0,0
SEND: 4skj:ZZAI,90,1,0,1,1,101937,0,0,0,0,0
SEND: 0ssJ:ZZAI,91,1,0,1,1,103082,0,0,0,0,0
SEND: Ma1T:ZZAI,92,1,0,1,1,104226,0,0,0,0,0
SEND: yQ8O:ZZAI,93,1,0,1,1,105370,0,0,0,0,0
SEND: uIZW:ZZAI,94,1,0,1,1,106514,0,0,0,0,0
SEND: xaTR:ZZAI,95,1,0,1,1,107658,0,0,0,0,0
SEND: k4mf:ZZAI,96,1,0,1,1,108802,0,0,0,0,0
SEND: ckoh:ZZAI,97,1,0,1,1,109947,0,0,0,0,0
SEND: LGQA:ZZAI,98,1,0,1,1,111092,0,0,0,0,0
SEND: JCDv:ZZAI,99,1,0,1,1,112236,0,0,0,0,0
SEND: pKtr:ZZAI,100,1,0,1,1,113380,0,0,0,0,0
SEND: GAXx:ZZAI,101,1,0,1,1,114525,0,0,0,0,0
SEND: 9ZEN:ZZAI,102,1,0,1,1,115670,0,0,0,0,0
SEND: i10h:ZZAI,103,1,0,1,1,116815,0,0,0,0,0
SEND: TvBW:ZZAI,104,1,0,1,1,117960,0,0,0,0,0
SEND: 39aU:ZZAI,105,1,0,1,1,119105,0,0,0,0,0
SEND: Pwcw:ZZAI,106,1,0,1,1,120250,0,0,0,0,0
SEND: xtfr:ZZAI,107,1,0,1,1,121395,0,0,0,0,0
SEND: Xx0A:ZZAI,108,1,0,1,1,122540,0,0,0,0,0
SEND: pXWf:ZZAI,109,1,0,1,1,123685,0,0,0,0,0
SEND: 6F2o:ZZAI,110,1,0,1,1,124830,0,0,0,0,0
SEND: 0iK5:ZZAI,111,1,0,1,1,125975,0,0,0,0,0
SEND: Xxd7:ZZAI,112,1,0,1,1,127120,0,0,0,0,0
SEND: NQMS:ZZAI,113,1,0,1,1,128265,0,0,0,0,0
SEND: ZhCt:ZZAI,114,1,0,1,1,129410,0,0,0,0,0
SEND: yg06:ZZAI,115,1,0,1,1,130555,0,0,0,0,0
SEND: mET8:ZZAI,116,1,0,1,1,131700,0,0,0,0,0
