SEND: 9pO0:ZZAJ,2,1,0,1,1,2268,0,0,0,0,0
SEND: Fnms:ZZAJ,3,1,0,1,1,3536,0,0,0,0,0
SEND: 1TTW:ZZAJ,4,1,0,1,1,4804,0,0,0,0,0
SEND: H3w8:ZZAJ,5,1,0,1,1,6072,0,0,0,0,0
SEND: F6kB:ZZAJ,6,1,0,1,1,7340,0,0,0,0,0
SEND: ekt1:ZZAJ,7,1,0,1,1,8608,0,0,0,0,0
SEND: RFAD:ZZAJ,8,1,0,1,1,9876,0,0,0,0,0
SEND: ruhF:ZZAJ,9,1,0,1,1,11144,0,0,0,0,0
SEND: 8h04:ZZAJ,10,1,0,1,1,12412,0,0,0,0,0
SEND: DgCG:ZZAJ,11,1,0,1,1,13680,0,0,0,0,0
SEND: k4j3:ZZAJ,12,1,0,1,1,14948,0,0,0,0,0
SEND: Bxqn:ZZAJ,13,1,0,1,1,16216,0,0,0,0,0
SEND: 0az0:ZZAJ,14,1,0,1,1,17484,0,0,0,0,0
SEND: c7MM:ZZAJ,15,1,0,1,1,18752,0,0,0,0,0
SEND: EWAQ:ZZAJ,16,1,0,1,1,20020,0,0,0,0,0
SEND: QWrr:ZZAJ,17,1,0,1,1,21288,0,0,0,0,0
SEND: kKPr:ZZAJ,18,1,0,1,1,22556,0,0,0,0,0
SEND: 8Coh:ZZAJ,19,1,0,1,1,23824,0,0,0,0,0
SEND: HDUo:ZZAJ,20,1,0,1,1,25092,0,0,0,0,0
SEND: 5iSh:ZZAJ,21,1,0,1,1,26360,0,0,0,0,0
SEND: qed3:ZZAJ,22,1,0,1,1,27628,0,0,0,0,0
SEND: TMEn:ZZAJ,23,1,0,1,1,28896,0,0,0,0,0
SEND: h6m9:ZZAJ,24,1,0,1,1,30164,0,0,0,0,0
SEND: B5I7:ZZAJ,25,1,0,1,1,31432,0,0,0,0,0
SEND: dmQu:ZZAJ,26,1,0,1,1,32700,0,0,0,0,0
SEND: ZQz6:ZZAJ,27,1,0,1,1,33968,0,0,0,0,0
SEND: E63Y:ZZAJ,28,1,0,1,1,35236,0,0,0,0,0
SEND: GtLw:ZZAJ,29,1,0,1,1,36504,0,0,0,0,0
SEND: sP4G:ZZAJ,30,1,0,1,1,37772,0,0,0,0,0
SEND: 1fJF:ZZAJ,31,1,0,1,1,39040,0,0,0,0,0
SEND: daV8:ZZAJ,32,1,0,1,1,40308,0,0,0,0,0
SEND: SQTD:ZZAJ,33,1,0,1,1,41576,0,0,0,0,0
SEND: uOAI:ZZAJ,34,1,0,1,1,42844,0,0,0,0,0
SEND: xtAQ:ZZAJ,35,1,0,1,1,44112,0,0,0,0,0
SEND: KBqA:ZZAJ,36,1,0,1,1,45380,0,0,0,0,0
SEND: LEQ8:ZZAJ,37,1,0,1,1,46648,0,0,0,0,0
SEND: jVts:ZZAJ,38,1,0,1,1,47916,0,0,0,0,0
SEND: 1YGh:ZZAJ,39,1,0,1,1,49184,0,0,0,0,0
SEND: ROG7:ZZAJ,40,1,0,1,1,50452,0,0,0,0,0
SEND: fY21:ZZAJ,41,1,0,1,1,51720,0,0,0,0,0
SEND: 5DTT:ZZAJ,42,1,0,1,1,52988,0,0,0,0,0
SEND: WXUc:ZZAJ,43,1,0,1,1,54256,0,0,0,0,0
SEND: YC2b:ZZAJ,44,1,0,1,1,55524,0,0,0,0,0
SEND: HTQe:ZZAJ,45,1,0,1,1,56792,0,0,0,0,0
SEND: 4fZ4:ZZAJ,46,1,0,1,1,58060,0,0,0,0,0
SEND: JajO:ZZAJ,47,1,0,1,1,59328,0,0,0,0,0
SEND: Rp8C:ZZAJ,48,1,0,1,1,60596,0,0,0,0,0
SEND: B5kd:ZZAJ,49,1,0,1,1,61864,0,0,0,0,0
SEND: 1pxu:ZZAJ,50,1,0,1,1,63132,0,0,0,0,0
SEND: 7FLM:ZZAJ,51,1,0,1,1,64400,0,0,0,0,0
SEND: rWiy:ZZAJ,52,1,0,1,1,65668,0,0,0,0,0
SEND: Z6UR:ZZAJ,53,1,0,1,1,66936,0,0,0,0,0
SEND: cpeF:ZZAJ,54,1,0,1,1,68204,0,0,0,0,0
SEND: lUUp:ZZAJ,55,1,0,1,1,69472,0,0,0,0,0
SEND: cAkU:ZZAJ,56,1,0,1,1,70740,0,0,0,0,0
SEND: 2p9B:ZZAJ,57,1,0,1,1,72008,0,0,0,0,0
SEND: FQa4:ZZAJ,58,1,0,1,1,73276,0,0,0,0,0
SEND: 16fh:ZZAJ,59,1,0,1,1,74544,0,0,0,0,0
SEND: u37d:ZZAJ,60,1,0,1,1,75812,0,0,0,0,0
SEND: ON3U:ZZAJ,61,1,0,1,1,77080,0,0,0,0,0
SEND: Lwc3:ZZAJ,62,1,0,1,1,78348,0,0,0,0,0
SEND: powo:ZZAJ,63,1,0,1,1,79616,0,0,0,0,0
SEND: 7xEz:ZZAJ,64,1,0,1,1,80884,0,0,0,0,0
SEND: WND1:ZZAJ,65,1,0,1,1,82152,0,0,0,0,0
SEND: slh3:ZZAJ,66,1,0,1,1,83420,0,0,0,0,0
SEND: Qm0I:ZZAJ,67,1,0,1,1,84688,0,0,0,0,0
SEND: aMUi:ZZAJ,68,1,0,1,1,85956,0,0,0,0,0
SEND: 3QPM:ZZAJ,69,1,0,1,1,87224,0,0,0,0,0
SEND: tlKc:ZZAJ,70,1,0,1,1,88492,0,0,0,0,0
SEND: FUT4:ZZAJ,71,1,0,1,1,89760,0,0,0,0,0
SEND: Quxl:ZZAJ,72,1,0,1,1,91028,0,0,0,0,0
SEND: jDzu:ZZAJ,73,1,0,1,1,92296,0,0,0,0,0
SEND: btZx:ZZAJ,74,1,0,1,1,93564,0,0,0,0,0
SEND: ZaNN:ZZAJ,75,1,0,1,1,94832,0,0,0,0,0
SEND: M24E:ZZAJ,76,1,0,1,1,96100,0,0,0,0,0
SEND: 4uMH:ZZAJ,77,1,0,1,1,97368,0,0,0,0,0
SEND: W6sI:ZZAJ,78,1,0,1,1,98636,0,0,0,0,0
SEND: A66M:ZZAJ,79,1,0,1,1,99904,0,0,0,0,0
SEND: NvrS:ZZAJ,80,1,0,1,1,101172,0,0,0,0,0
SEND: 9Njl:ZZAJ,81,1,0,1,1,102460,0,0,0,0,0
SEND: oqBj:ZZAJ,82,1,0,1,1,103748,0,0,0,0,0
SEND: xU2I:ZZAJ,83,1,0,1,1,105036,0,0,0,0,0
SEND: vxmz:ZZAJ,84,1,0,1,1,106324,0,0,0,0,0
SEND: 7rbW:ZZAJ,85,1,0,1,1,107612,0,0,0,0,0
SEND: FQtP:ZZAJ,86,1,0,1,1,108900,0,0,0,0,0
SEND: DDXH:ZZAJ,87,1,0,1,1,110188,0,0,0,0,0
SEND: PUNW:ZZAJ,88,1,0,1,1,111476,0,0,0,0,0
SEND: 3vG9:ZZAJ,89,1,0,1,1,112764,0,0,0,0,0
SEND: 5yYX:ZZAJ,90,1,0,1,1,114052,0,0,0,0,0
SEND: NCHr:ZZAJ,91,1,0,1,1,115340,0,0,0,0,0
SEND: YDBA:ZZAJ,92,1,0,1,1,116628,0,0,0,0,0
SEND: m5rx:ZZAJ,93,1,0,1,1,117916,0,0,0,0,0
SEND: xomX:ZZAJ,94,1,0,1,1,119204,0,0,0,0,0
SEND: lNAU:ZZAJ,95,1,0,1,1,120492,0,0,0,0,0
SEND: xwcs:ZZAJ,96,1,0,1,1,121780,0,0,0,0,0
SEND: reBM:ZZAJ,97,1,0,1,1,123068,0,0,0,0,0
SEND: PZrw:ZZAJ,98,1,0,1,1,124356,0,0,0,0,0
SEND: nGa1:ZZAJ,99,1,0,1,1,125644,0,0,0,0,0
SEND: reOf:ZZAJ,100,1,0,1,1,126932,0,0,0,0,0
SEND: ImoF:ZZAJ,101,1,0,1,1,128220,0,0,0,0,0
SEND: jIDC:ZZAJ,102,1,0,1,1,129508,0,0,0,0,0
SEND: HGBU:ZZAJ,103,1,0,1,1,130796,0,0,0,0,0
SEND: M9Jh:ZZAJ,104,1,0,1,1,132084,0,0,0,0,0
SEND: QARs:ZZAJ,105,1,0,1,1,133372,0,0,0,0,0
SEND: gTgE:ZZAJ,106,1,0,1,1,134660,0,0,0,0,0
SEND: Lurv:ZZAJ,107,1,0,1,1,135948,0,0,0,0,0
SEND: Cru2:ZZAJ,108,1,0,1,1,137236,0,0,0,0,0
SEND: wdJt:ZZAJ,109,1,0,1,1,138524,0,0,0,0,0
SEND: lNks:ZZAJ,110,1,0,1,1,139812,0,0,0,0,0
SEND: Zp7K:ZZAJ,111,1,0,1,1,141100,0,0,0,0,0
SEND: RqNs:ZZAJ,112,1,0,1,1,142388,0,0,0,0,0
SEND: VWVb:ZZAJ,113,1,0,1,1,143676,0,0,0,0,0
SEND: Fw1a:ZZAJ,114,1,0,1,1,144964,0,0,0,0,0
SEND: ACGY:ZZAJ,115,1,0,1,1,146252,0,0,0,0,0
SEND: UlyO:ZZAJ,116,1,0,1,1,147540,0,0,0,0,0
SEND: fAzB:ZZAJ,117,1,0,1,1,148828,0,0,0,0,0
SEND: dEBJ:ZZAJ,118,1,0,1,1,150116,0,0,0,0,0
SEND: XmW3:ZZAJ,119,1,0,1,1,151404,0,0,0,0,0
SEND: Hwwm:ZZAJ,120,1,0,1,1,152692,0,0,0,0,0
SEND: 9vfg:ZZAJ,121,1,0,1,1,153980,0,0,0,0,0
SEND: jMpZ:ZZAJ,122,1,0,1,1,155268,0,0,0,0,0
SEND: DG7V:ZZAJ,123,1,0,1,1,156556,0,0,0,0,0
SEND: L88i:ZZAJ,124,1,0,1,1,157844,0,0,0,0,0
