SEND: Wpmw:ZZAK,8,1,0,1,1,4259,0,0,0,0,0
SEND: rMTM:ZZAK,9,1,0,1,1,4796,0,0,0,0,0
SEND: PrAH:ZZAK,10,1,0,1,1,5333,0,0,0,0,0
SEND: UEsO:ZZAK,11,1,0,1,1,5870,0,0,0,0,0
SEND: Sftr:ZZAK,12,1,0,1,1,6407,0,0,0,0,0
SEND: LoA0:ZZAK,13,1,0,1,1,6944,0,0,0,0,0
SEND: XF3b:ZZAK,14,1,0,1,1,7481,0,0,0,0,0
SEND: dnI7:ZZAK,15,1,0,1,1,8018,0,0,0,0,0
SEND: ccvD:ZZAK,16,1,0,1,1,8555,0,0,0,0,0
SEND: YH2Z:ZZAK,17,1,0,1,1,9092,0,0,0,0,0
SEND: Lwo4:ZZAK,18,1,0,1,1,9629,0,0,0,0,0
SEND: MDoD:ZZAK,19,1,0,1,1,10166,0,0,0,0,0
SEND: ddwS:ZZAK,20,1,0,1,1,10705,0,0,0,0,0
SEND: 9pPc:ZZAK,21,1,0,1,1,11244,0,0,0,0,0
SEND: EFK0:ZZAK,22,1,0,1,1,11783,0,0,0,0,0
SEND: tV0v:ZZAK,23,1,0,1,1,12322,0,0,0,0,0
SEND: afP2:ZZAK,24,1,0,1,1,12861,0,0,0,0,0
SEND: 5BcJ:ZZAK,25,1,0,1,1,13400,0,0,0,0,0
SEND: dJXD:ZZAK,26,1,0,1,1,13939,0,0,0,0,0
SEND: dobW:ZZAK,27,1,0,1,1,14478,0,0,0,0,0
SEND: IHH9:ZZAK,28,1,0,1,1,15017,0,0,0,0,0
SEND: 32vQ:ZZAK,29,1,0,1,1,15556,0,0,0,0,0
SEND: 4XTU:ZZAK,30,1,0,1,1,16095,0,0,0,0,0
SEND: YFpd:ZZAK,31,1,0,1,1,16634,0,0,0,0,0
SEND: Szan:ZZAK,32,1,0,1,1,17173,0,0,0,0,0
SEND: yBcj:ZZAK,33,1,0,1,1,17712,0,0,0,0,0
SEND: oryS:ZZAK,34,1,0,1,1,18251,0,0,0,0,0
SEND: RZsz:ZZAK,35,1,0,1,1,18790,0,0,0,0,0
SEND: pNix:ZZAK,36,1,0,1,1,19329,0,0,0,0,0
SEND: MU6k:ZZAK,37,1,0,1,1,19868,0,0,0,0,0
SEND: 6Z9t:ZZAK,38,1,0,1,1,20407,0,0,0,0,0
SEND: VkA2:ZZAK,39,1,0,1,1,20946,0,0,0,0,0
SEND: Qa9R:ZZAK,40,1,0,1,1,21485,0,0,0,0,0
SEND: lqip:ZZAK,41,1,0,1,1,22024,0,0,0,0,0
SEND: Qmf0:ZZAK,42,1,0,1,1,22563,0,0,0,0,0
SEND: Hw9T:ZZAK,43,1,0,1,1,23102,0,0,0,0,0
SEND: IEZM:ZZAK,44,1,0,1,1,23641,0,0,0,0,0
SEND: 8OKe:ZZAK,45,1,0,1,1,24180,0,0,0,0,0
SEND: jNEJ:ZZAK,46,1,0,1,1,24719,0,0,0,0,0
SEND: Vo2l:ZZAK,47,1,0,1,1,25258,0,0,0,0,0
SEND: sUJC:ZZAK,48,1,0,1,1,25797,0,0,0,0,0
SEND: HlHK:ZZAK,49,1,0,1,1,26336,0,0,0,0,0
SEND: XP3B:ZZAK,50,1,0,1,1,26875,0,0,0,0,0
SEND: Wokf:ZZAK,51,1,0,1,1,27414,0,0,0,0,0
SEND: 7ihR:ZZAK,52,1,0,1,1,27953,0,0,0,0,0
SEND: P1eh:ZZAK,53,1,0,1,1,28492,0,0,0,0,0
SEND: gnGq:ZZAK,54,1,0,1,1,29031,0,0,0,0,0
SEND: 5LFM:ZZAK,55,1,0,1,1,29570,0,0,0,0,0
SEND: AdGR:ZZAK,56,1,0,1,1,30109,0,0,0,0,0
SEND: vbWp:ZZAK,57,1,0,1,1,30648,0,0,0,0,0
SEND: x5ZR:ZZAK,58,1,0,1,1,31187,0,0,0,0,0
SEND: 91eo:ZZAK,59,1,0,1,1,31726,0,0,0,0,0
SEND: EwNP:ZZAK,60,1,0,1,1,32265,0,0,0,0,0
SEND: WFCJ:ZZAK,61,1,0,1,1,32804,0,0,0,0,0
SEND: CoJP:ZZAK,62,1,0,1,1,33343,0,0,0,0,0
SEND: jhps:ZZAK,63,1,0,1,1,33882,0,0,0,0,0
SEND: I47A:ZZAK,64,1,0,1,1,34421,0,0,0,0,0
SEND: N6LL:ZZAK,65,1,0,1,1,34960,0,0,0,0,0
SEND: ufCn:ZZAK,66,1,0,1,1,35499,0,0,0,0,0
SEND: xyYU:ZZAK,67,1,0,1,1,36038,0,0,0,0,0
SEND: 2fET:ZZAK,68,1,0,1,1,36577,0,0,0,0,0
SEND: VtEw:ZZAK,69,1,0,1,1,37116,0,0,0,0,0
SEND: Nvti:ZZAK,70,1,0,1,1,37655,0,0,0,0,0
SEND: pnsN:ZZAK,71,1,0,1,1,38194,0,0,0,0,0
SEND: Jb1i:ZZAK,72,1,0,1,1,38733,0,0,0,0,0
SEND: bEAC:ZZAK,73,1,0,1,1,39272,0,0,0,0,0
SEND: pBB8:ZZAK,74,1,0,1,1,39811,0,0,0,0,0
SEND: ExZB:ZZAK,75,1,0,1,1,40350,0,0,0,0,0
SEND: asFl:ZZAK,76,1,0,1,1,40889,0,0,0,0,0
SEND: 1K5m:ZZAK,77,1,0,1,1,41428,0,0,0,0,0
SEND: sqCI:ZZAK,78,1,0,1,1,41967,0,0,0,0,0
SEND: tCOU:ZZAK,79,1,0,1,1,42506,0,0,0,0,0
SEND: GJPU:ZZAK,80,1,0,1,1,43045,0,0,0,0,0
SEND: 5apQ:ZZAK,81,1,0,1,1,43584,0,0,0,0,0
SEND: 4sxB:ZZAK,82,1,0,1,1,44123,0,0,0,0,0
SEND: FDKB:ZZAK,83,1,0,1,1,44662,0,0,0,0,0
SEND: YOBI:ZZAK,84,1,0,1,1,45201,0,0,0,0,0
SEND: BcAq:ZZAK,85,1,0,1,1,45740,0,0,0,0,0
SEND: aCxY:ZZAK,86,1,0,1,1,46279,0,0,0,0,0
SEND: wJau:ZZAK,87,1,0,1,1,46818,0,0,0,0,0
SEND: qZaZ:ZZAK,88,1,0,1,1,47357,0,0,0,0,0
SEND: lT2b:ZZAK,89,1,0,1,1,47896,0,0,0,0,0
SEND: hOc7:ZZAK,90,1,0,1,1,48435,0,0,0,0,0
SEND: GNDr:ZZAK,91,1,0,1,1,48974,0,0,0,0,0
SEND: 9LAx:ZZAK,92,1,0,1,1,49513,0,0,0,0,0
SEND: Gi5g:ZZAK,93,1,0,1,1,50052,0,0,0,0,0
SEND: LkUC:ZZAK,94,1,0,1,1,50591,0,0,0,0,0
SEND: YyqJ:ZZAK,95,1,0,1,1,51130,0,0,0,0,0
SEND: CfKG:ZZAK,96,1,0,1,1,51669,0,0,0,0,0
SEND: B6KG:ZZAK,97,1,0,1,1,52208,0,0,0,0,0
SEND: Wf5s:ZZAK,98,1,0,1,1,52747,0,0,0,0,0
SEND: iPhx:ZZAK,99,1,0,1,1,53286,0,0,0,0,0
SEND: wl9o:ZZAK,100,1,0,1,1,53825,0,0,0,0,0
SEND: O2H9:ZZAK,101,1,0,1,1,54364,0,0,0,0,0
SEND: YXxg:ZZAK,102,1,0,1,1,54903,0,0,0,0,0
SEND: U93U:ZZAK,103,1,0,1,1,55442,0,0,0,0,0
SEND: LOTq:ZZAK,104,1,0,1,1,55981,0,0,0,0,0
SEND: CIvj:ZZAK,105,1,0,1,1,56520,0,0,0,0,0
SEND: RnLB:ZZAK,106,1,0,1,1,57059,0,0,0,0,0
SEND: ArTV:ZZAK,107,1,0,1,1,57598,0,0,0,0,0
SEND: vsVd:ZZAK,108,1,0,1,1,58137,0,0,0,0,0
SEND: MkEf:ZZAK,109,1,0,1,1,58676,0,0,0,0,0
SEND: kANP:ZZAK,110,1,0,1,1,59215,0,0,0,0,0
SEND: hqra:ZZAK,111,1,0,1,1,59754,0,0,0,0,0
SEND: SIy5:ZZAK,112,1,0,1,1,60293,0,0,0,0,0
SEND: eQCG:ZZAK,113,1,0,1,1,60832,0,0,0,0,0
SEND: cWpb:ZZAK,114,1,0,1,1,61371,0,0,0,0,0
SEND: 4Yrm:ZZAK,115,1,0,1,1,61910,0,0,0,0,0
SEND: hWDa:ZZAK,116,1,0,1,1,62449,0,0,0,0,0
SEND: oSlt:ZZAK,117,1,0,1,1,62988,0,0,0,0,0
SEND: raQf:ZZAK,118,1,0,1,1,63527,0,0,0,0,0
SEND: JqGp:ZZAK,119,1,0,1,1,64066,0,0,0,0,0
SEND: urcj:ZZAK,120,1,0,1,1,64605,0,0,0,0,0
SEND: uoVg:ZZAK,121,1,0,1,1,65144,0,0,0,0,0
SEND: XPgB:ZZAK,122,1,0,1,1,65683,0,0,0,0,0
SEND: 4ItY:ZZAK,123,1,0,1,1,66222,0,0,0,0,0
SEND: N8bV:ZZAK,124,1,0,1,1,66761,0,0,0,0,0
SEND: ik3a:ZZAK,125,1,0,1,1,67300,0,0,0,0,0
SEND: kSxh:ZZAK,126,1,0,1,1,67839,0,0,0,0,0
SEND: E6eM:ZZAK,127,1,0,1,1,68378,0,0,0,0,0
SEND: unWw:ZZAK,128,1,0,1,1,68917,0,0,0,0,0
SEND: uH4t:ZZAK,129,1,0,1,1,69456,0,0,0,0,0
SEND: Wuhp:ZZAK,130,1,0,1,1,69995,0,0,0,0,0
SEND: EaCT:ZZAK,131,1,0,1,1,70534,0,0,0,0,0
SEND: KfWr:ZZAK,132,1,0,1,1,71073,0,0,0,0,0
SEND: 0IiA:ZZAK,133,1,0,1,1,71612,0,0,0,0,0
SEND: 0O2c:ZZAK,134,1,0,1,1,72151,0,0,0,0,0
SEND: pHlh:ZZAK,135,1,0,1,1,72690,0,0,0,0,0
SEND: jIIC:ZZAK,136,1,0,1,1,73229,0,0,0,0,0
SEND: ILDs:ZZAK,137,1,0,1,1,73768,0,0,0,0,0
SEND: zo5B:ZZAK,138,1,0,1,1,74307,0,0,0,0,0
SEND: Ot0V:ZZAK,139,1,0,1,1,74846,0,0,0,0,0
SEND: pvQW:ZZAK,140,1,0,1,1,75385,0,0,0,0,0
SEND: bu9p:ZZAK,141,1,0,1,1,75924,0,0,0,0,0
SEND: TbDH:ZZAK,142,1,0,1,1,76463,0,0,0,0,0
SEND: y6c0:ZZAK,143,1,0,1,1,77002,0,0,0,0,0
SEND: lVQg:ZZAK,144,1,0,1,1,77541,0,0,0,0,0
SEND: lu1F:ZZAK,145,1,0,1,1,78080,0,0,0,0,0
SEND: sIt7:ZZAK,146,1,0,1,1,78619,0,0,0,0,0
SEND: ieDs:ZZAK,147,1,0,1,1,79158,0,0,0,0,0
SEND: 1CHp:ZZAK,148,1,0,1,1,79697,0,0,0,0,0
SEND: 3vFV:ZZAK,149,1,0,1,1,80236,0,0,0,0,0
SEND: t71N:ZZAK,150,1,0,1,1,80775,0,0,0,0,0
SEND: SPUF:ZZAK,151,1,0,1,1,81314,0,0,0,0,0
SEND: DSGY:ZZAK,152,1,0,1,1,81853,0,0,0,0,0
SEND: 3y4n:ZZAK,153,1,0,1,1,82392,0,0,0,0,0
SEND: rg0p:ZZAK,154,1,0,1,1,82931,0,0,0,0,0
SEND: VDyb:ZZAK,155,1,0,1,1,83470,0,0,0,0,0
SEND: JqZT:ZZAK,156,1,0,1,1,84009,0,0,0,0,0
SEND: 0CeR:ZZAK,157,1,0,1,1,84548,0,0,0,0,0
SEND: YEcS:ZZAK,158,1,0,1,1,85087,0,0,0,0,0
SEND: GjvO:ZZAK,159,1,0,1,1,85626,0,0,0,0,0
SEND: XdW4:ZZAK,160,1,0,1,1,86165,0,0,0,0,0
SEND: hiBP:ZZAK,161,1,0,1,1,86704,0,0,0,0,0
SEND: XDuj:ZZAK,162,1,0,1,1,87243,0,0,0,0,0
SEND: avmu:ZZAK,163,1,0,1,1,87782,0,0,0,0,0
SEND: 7voj:ZZAK,164,1,0,1,1,88321,0,0,0,0,0
SEND: eYew:ZZAK,165,1,0,1,1,88860,0,0,0,0,0
SEND: ZUvB:ZZAK,166,1,0,1,1,89399,0,0,0,0,0
SEND: BWsA:ZZAK,167,1,0,1,1,89938,0,0,0,0,0
