SEND: DjNM:ZZAM,5,1,0,1,1,2996,0,0,0,0,0
SEND: 73Bi:ZZAM,6,1,0,1,1,3620,0,0,0,0,0
SEND: Hju1:ZZAM,7,1,0,1,1,4244,0,0,0,0,0
SEND: 2kBM:ZZAM,8,1,0,1,1,4868,0,0,0,0,0
SEND: B7IO:ZZAM,9,1,0,1,1,5492,0,0,0,0,0
SEND: DNWh:ZZAM,10,1,0,1,1,6116,0,0,0,0,0
SEND: zT7c:ZZAM,11,1,0,1,1,6740,0,0,0,0,0
SEND: FWBb:ZZAM,12,1,0,1,1,7364,0,0,0,0,0
SEND: q7rk:ZZAM,13,1,0,1,1,7988,0,0,0,0,0
SEND: A047:ZZAM,14,1,0,1,1,8612,0,0,0,0,0
SEND: We0o:ZZAM,15,1,0,1,1,9236,0,0,0,0,0
SEND: cUWo:ZZAM,16,1,0,1,1,9860,0,0,0,0,0
SEND: 9Jdh:ZZAM,17,1,0,1,1,10484,0,0,0,0,0
SEND: ivYE:ZZAM,18,1,0,1,1,11108,0,0,0,0,0
SEND: E59X:ZZAM,19,1,0,1,1,11732,0,0,0,0,0
SEND: Bgc8:ZZAM,20,1,0,1,1,12356,0,0,0,0,0
SEND: xQT0:ZZAM,21,1,0,1,1,12980,0,0,0,0,0
SEND: YCLF:ZZAM,22,1,0,1,1,13604,0,0,0,0,0
SEND: wm9y:ZZAM,23,1,0,1,1,14228,0,0,0,0,0
SEND: Cjgz:ZZAM,24,1,0,1,1,14852,0,0,0,0,0
SEND: asUa:ZZAM,25,1,0,1,1,15476,0,0,0,0,0
SEND: SgYq:ZZAM,26,1,0,1,1,16100,0,0,0,0,0
SEND: Dgyt:ZZAM,27,1,0,1,1,16724,0,0,0,0,0
SEND: 3IFr:ZZAM,28,1,0,1,1,17348,0,0,0,0,0
SEND: XFne:ZZAM,29,1,0,1,1,17972,0,0,0,0,0
SEND: OJhf:ZZAM,30,1,0,1,1,18596,0,0,0,0,0
SEND: W6wu:ZZAM,31,1,0,1,1,19220,0,0,0,0,0
SEND: ROTf:ZZAM,32,1,0,1,1,19844,0,0,0,0,0
SEND: guOs:ZZAM,33,1,0,1,1,20468,0,0,0,0,0
SEND: DCe9:ZZAM,34,1,0,1,1,21092,0,0,0,0,0
SEND: p6nz:ZZAM,35,1,0,1,1,21716,0,0,0,0,0
SEND: WqiT:ZZAM,36,1,0,1,1,22340,0,0,0,0,0
SEND: FFvz:ZZAM,37,1,0,1,1,22964,0,0,0,0,0
SEND: PupE:ZZAM,38,1,0,1,1,23588,0,0,0,0,0
SEND: pwci:ZZAM,39,1,0,1,1,24212,0,0,0,0,0
SEND: FDUa:ZZAM,40,1,0,1,1,24836,0,0,0,0,0
SEND: 257o:ZZAM,41,1,0,1,1,25460,0,0,0,0,0
SEND: oXWu:ZZAM,42,1,0,1,1,26084,0,0,0,0,0
SEND: apMq:ZZAM,43,1,0,1,1,26708,0,0,0,0,0
SEND: 5LFL:ZZAM,44,1,0,1,1,27332,0,0,0,0,0
SEND: ADXb:ZZAM,45,1,0,1,1,27956,0,0,0,0,0
SEND: N6Vt:ZZAM,46,1,0,1,1,28580,0,0,0,0,0
SEND: auTq:ZZAM,47,1,0,1,1,29204,0,0,0,0,0
SEND: VKhu:ZZAM,48,1,0,1,1,29828,0,0,0,0,0
SEND: Jw7G:ZZAM,49,1,0,1,1,30452,0,0,0,0,0
SEND: 0nyh:ZZAM,50,1,0,1,1,31076,0,0,0,0,0
SEND: NWK0:ZZAM,51,1,0,1,1,31700,0,0,0,0,0
SEND: VTJt:ZZAM,52,1,0,1,1,32324,0,0,0,0,0
SEND: Exkc:ZZAM,53,1,0,1,1,32948,0,0,0,0,0
SEND: VyCp:ZZAM,54,1,0,1,1,33572,0,0,0,0,0
SEND: dw8u:ZZAM,55,1,0,1,1,34196,0,0,0,0,0
SEND: 2GnC:ZZAM,56,1,0,1,1,34820,0,0,0,0,0
SEND: QwM6:ZZAM,57,1,0,1,1,35444,0,0,0,0,0
SEND: 2QkD:ZZAM,58,1,0,1,1,36068,0,0,0,0,0
SEND: gQQ5:ZZAM,59,1,0,1,1,36692,0,0,0,0,0
SEND: IN8t:ZZAM,60,1,0,1,1,37316,0,0,0,0,0
SEND: opxs:ZZAM,61,1,0,1,1,37940,0,0,0,0,0
SEND: ca7v:ZZAM,62,1,0,1,1,38564,0,0,0,0,0
SEND: wNH8:ZZAM,63,1,0,1,1,39188,0,0,0,0,0
SEND: 5zaM:ZZAM,64,1,0,1,1,39812,0,0,0,0,0
SEND: KkDq:ZZAM,65,1,0,1,1,40436,0,0,0,0,0
SEND: hJOZ:ZZAM,66,1,0,1,1,41060,0,0,0,0,0
SEND: ikUC:ZZAM,67,1,0,1,1,41684,0,0,0,0,0
SEND: hFY3:ZZAM,68,1,0,1,1,42308,0,0,0,0,0
SEND: 9sBo:ZZAM,69,1,0,1,1,42932,0,0,0,0,0
SEND: KEvN:ZZAM,70,1,0,1,1,43556,0,0,0,0,0
SEND: RBOZ:ZZAM,71,1,0,1,1,44180,0,0,0,0,0
SEND: PDYV:ZZAM,72,1,0,1,1,44804,0,0,0,0,0
SEND: Dil3:ZZAM,73,1,0,1,1,45428,0,0,0,0,0
SEND: gJRh:ZZAM,74,1,0,1,1,46052,0,0,0,0,0
SEND: FVpP:ZZAM,75,1,0,1,1,46676,0,0,0,0,0
SEND: 9ITd:ZZAM,76,1,0,1,1,47300,0,0,0,0,0
SEND: cYt8:ZZAM,77,1,0,1,1,47924,0,0,0,0,0
SEND: Kexr:ZZAM,78,1,0,1,1,48548,0,0,0,0,0
SEND: tHNr:ZZAM,79,1,0,1,1,49172,0,0,0,0,0
SEND: N44i:ZZAM,80,1,0,1,1,49796,0,0,0,0,0
SEND: Yh37:ZZAM,81,1,0,1,1,50420,0,0,0,0,0
SEND: 0NR5:ZZAM,82,1,0,1,1,51044,0,0,0,0,0
SEND: Jx6e:ZZAM,83,1,0,1,1,51668,0,0,0,0,0
SEND: IvkX:ZZAM,84,1,0,1,1,52292,0,0,0,0,0
SEND: Uwmq:ZZAM,85,1,0,1,1,52916,0,0,0,0,0
SEND: 3TeG:ZZAM,86,1,0,1,1,53540,0,0,0,0,0
SEND: rv7k:ZZAM,87,1,0,1,1,54164,0,0,0,0,0
SEND: qKvv:ZZAM,88,1,0,1,1,54788,0,0,0,0,0
SEND: 6clS:ZZAM,89,1,0,1,1,55412,0,0,0,0,0
SEND: 9Rj2:ZZAM,90,1,0,1,1,56036,0,0,0,0,0
SEND: HgRs:ZZAM,91,1,0,1,1,56660,0,0,0,0,0
SEND: R94w:ZZAM,92,1,0,1,1,57284,0,0,0,0,0
SEND: FwfJ:ZZAM,93,1,0,1,1,57908,0,0,0,0,0
SEND: EQQq:ZZAM,94,1,0,1,1,58532,0,0,0,0,0
SEND: 4TyD:ZZAM,95,1,0,1,1,59156,0,0,0,0,0
SEND: K9rI:ZZAM,96,1,0,1,1,59780,0,0,0,0,0
SEND: YgO7:ZZAM,97,1,0,1,1,60404,0,0,0,0,0
SEND: Mcqr:ZZAM,98,1,0,1,1,61028,0,0,0,0,0
SEND: gdzg:ZZAM,99,1,0,1,1,61652,0,0,0,0,0
SEND: QHF6:ZZAM,100,1,0,1,1,62276,0,0,0,0,0
SEND: RqCS:ZZAM,101,1,0,1,1,62900,0,0,0,0,0
SEND: XH9T:ZZAM,102,1,0,1,1,63524,0,0,0,0,0
SEND: nVft:ZZAM,103,1,0,1,1,64148,0,0,0,0,0
SEND: LnGL:ZZAM,104,1,0,1,1,64772,0,0,0,0,0
SEND: pXTI:ZZAM,105,1,0,1,1,65396,0,0,0,0,0
SEND: jPRA:ZZAM,106,1,0,1,1,66020,0,0,0,0,0
SEND: SBEx:ZZAM,107,1,0,1,1,66644,0,0,0,0,0
SEND: ccPG:ZZAM,108,1,0,1,1,67268,0,0,0,0,0
SEND: 8dgu:ZZAM,109,1,0,1,1,67892,0,0,0,0,0
SEND: goUd:ZZAM,110,1,0,1,1,68516,0,0,0,0,0
SEND: LylM:ZZAM,111,1,0,1,1,69140,0,0,0,0,0
SEND: qDQs:ZZAM,112,1,0,1,1,69764,0,0,0,0,0
SEND: vmm7:ZZAM,113,1,0,1,1,70388,0,0,0,0,0
SEND: FAFc:ZZAM,114,1,0,1,1,71012,0,0,0,0,0
SEND: IQ2p:ZZAM,115,1,0,1,1,71636,0,0,0,0,0
SEND: 7qyf:ZZAM,116,1,0,1,1,72260,0,0,0,0,0
SEND: 8dZ8:ZZAM,117,1,0,1,1,72884,0,0,0,0,0
SEND: bFDg:ZZAM,118,1,0,1,1,73508,0,0,0,0,0
SEND: OmSS:ZZAM,119,1,0,1,1,74132,0,0,0,0,0
SEND: mru9:ZZAM,120,1,0,1,1,74756,0,0,0,0,0
SEND: H4VH:ZZAM,121,1,0,1,1,75380,0,0,0,0,0
SEND: elFj:ZZAM,122,1,0,1,1,76004,0,0,0,0,0
SEND: TLok:ZZAM,123,1,0,1,1,76628,0,0,0,0,0
SEND: mWH9:ZZAM,124,1,0,1,1,77252,0,0,0,0,0
SEND: VxFS:ZZAM,125,1,0,1,1,77876,0,0,0,0,0
SEND: LA1Y:ZZAM,126,1,0,1,1,78500,0,0,0,0,0
SEND: LzUw:ZZAM,127,1,0,1,1,79124,0,0,0,0,0
SEND: Cchv:ZZAM,128,1,0,1,1,79748,0,0,0,0,0
SEND: uLwk:ZZAM,129,1,0,1,1,80372,0,0,0,0,0
SEND: Mu98:ZZAM,130,1,0,1,1,80996,0,0,0,0,0
SEND: Cakb:ZZAM,131,1,0,1,1,81620,0,0,0,0,0
SEND: ubto:ZZAM,132,1,0,1,1,82244,0,0,0,0,0
SEND: jXlL:ZZAM,133,1,0,1,1,82868,0,0,0,0,0
SEND: qo9R:ZZAM,134,1,0,1,1,83492,0,0,0,0,0
SEND: 52kh:ZZAM,135,1,0,1,1,84116,0,0,0,0,0
SEND: x3XF:ZZAM,136,1,0,1,1,84740,0,0,0,0,0
SEND: xUxf:ZZAM,137,1,0,1,1,85364,0,0,0,0,0
SEND: Ejgp:ZZAM,138,1,0,1,1,85988,0,0,0,0,0
SEND: i7mx:ZZAM,139,1,0,1,1,86612,0,0,0,0,0
SEND: LPI0:ZZAM,140,1,0,1,1,87236,0,0,0,0,0
SEND: lkTL:ZZAM,141,1,0,1,1,87860,0,0,0,0,0
SEND: tDj2:ZZAM,142,1,0,1,1,88484,0,0,0,0,0
SEND: emEd:ZZAM,143,1,0,1,1,89108,0,0,0,0,0
SEND: eorh:ZZAM,144,1,0,1,1,89732,0,0,0,0,0
SEND: dm3K:ZZAM,145,1,0,1,1,90356,0,0,0,0,0
SEND: 7qLo:ZZAM,146,1,0,1,1,90980,0,0,0,0,0
SEND: 2r0s:ZZAM,147,1,0,1,1,91604,0,0,0,0,0
SEND: oVNC:ZZAM,148,1,0,1,1,92228,0,0,0,0,0
SEND: kS3d:ZZAM,149,1,0,1,1,92852,0,0,0,0,0
SEND: vmxH:ZZAM,150,1,0,1,1,93476,0,0,0,0,0
SEND: 7LZI:ZZAM,151,1,0,1,1,94100,0,0,0,0,0
SEND: AJv5:ZZAM,152,1,0,1,1,94724,0,0,0,0,0
SEND: y9Cv:ZZAM,153,1,0,1,1,95348,0,0,0,0,0
SEND: AGdM:ZZAM,154,1,0,1,1,95972,0,0,0,0,0
SEND: S3Wv:ZZAM,155,1,0,1,1,96596,0,0,0,0,0
SEND: ut1S:ZZAM,156,1,0,1,1,97220,0,0,0,0,0
SEND: x6tl:ZZAM,157,1,0,1,1,97844,0,0,0,0,0
SEND: f0P1:ZZAM,158,1,0,1,1,98468,0,0,0,0,0
SEND: 0F9U:ZZAM,159,1,0,1,1,99092,0,0,0,0,0
SEND: rUCe:ZZAM,160,1,0,1,1,99716,0,0,0,0,0
SEND: 8Kgx:ZZAM,161,1,0,1,1,100340,0,0,0,0,0
SEND: Apsr:ZZAM,162,1,0,1,1,100974,0,0,0,0,0
SEND: yU3G:ZZAM,163,1,0,1,1,101608,0,0,0,0,0
SEND: KBbu:ZZAM,164,1,0,1,1,102242,0,0,0,0,0
SEND: CZMw:ZZAM,165,1,0,1,1,102876,0,0,0,0,0
SEND: xVhg:ZZAM,166,1,0,1,1,103510,0,0,0,0,0
SEND: YqAJ:ZZAM,167,1,0,1,1,104144,0,0,0,0,0
SEND: E5ET:ZZAM,168,1,0,1,1,104778,0,0,0,0,0
SEND: Vs8T:ZZAM,169,1,0,1,1,105412,0,0,0,0,0
SEND: Vzt0:ZZAM,170,1,0,1,1,106046,0,0,0,0,0
SEND: Q9S2:ZZAM,171,1,0,1,1,106680,0,0,0,0,0
SEND: 2vZP:ZZAM,172,1,0,1,1,107314,0,0,0,0,0
SEND: Kojt:ZZAM,173,1,0,1,1,107948,0,0,0,0,0
SEND: yX9M:ZZAM,174,1,0,1,1,108582,0,0,0,0,0
SEND: Q5Ov:ZZAM,175,1,0,1,1,109216,0,0,0,0,0
SEND: J033:ZZAM,176,1,0,1,1,109850,0,0,0,0,0
SEND: Xtlp:ZZAM,177,1,0,1,1,110484,0,0,0,0,0
SEND: 76UJ:ZZAM,178,1,0,1,1,111118,0,0,0,0,0
SEND: YRK8:ZZAM,179,1,0,1,1,111752,0,0,0,0,0
SEND: kRUd:ZZAM,180,1,0,1,1,112386,0,0,0,0,0
SEND: PXC1:ZZAM,181,1,0,1,1,113020,0,0,0,0,0
SEND: bQS2:ZZAM,182,1,0,1,1,113654,0,0,0,0,0
SEND: eV76:ZZAM,183,1,0,1,1,114288,0,0,0,0,0
SEND: aZjn:ZZAM,184,1,0,1,1,114922,0,0,0,0,0
SEND: XM6D:ZZAM,185,1,0,1,1,115556,0,0,0,0,0
SEND: FyoC:ZZAM,186,1,0,1,1,116190,0,0,0,0,0
SEND: 8RZC:ZZAM,187,1,0,1,1,116824,0,0,0,0,0
SEND: h55K:ZZAM,188,1,0,1,1,117458,0,0,0,0,0
SEND: dj6h:ZZAM,189,1,0,1,1,118092,0,0,0,0,0
SEND: 9VEw:ZZAM,190,1,0,1,1,118726,0,0,0,0,0
SEND: 7H2h:ZZAM,191,1,0,1,1,119360,0,0,0,0,0
SEND: f03B:ZZAM,192,1,0,1,1,119994,0,0,0,0,0
SEND: qRAw:ZZAM,193,1,0,1,1,120628,0,0,0,0,0
SEND: atxH:ZZAM,194,1,0,1,1,121262,0,0,0,0,0
SEND: ka3a:ZZAM,195,1,0,1,1,121896,0,0,0,0,0
SEND: V4xb:ZZAM,196,1,0,1,1,122530,0,0,0,0,0
SEND: 6JX8:ZZAM,197,1,0,1,1,123164,0,0,0,0,0
SEND: U7ei:ZZAM,198,1,0,1,1,123798,0,0,0,0,0
SEND: RTKd:ZZAM,199,1,0,1,1,124432,0,0,0,0,0
SEND: oOX0:ZZAM,200,1,0,1,1,125066,0,0,0,0,0
SEND: chbG:ZZAM,201,1,0,1,1,125700,0,0,0,0,0
SEND: nPHb:ZZAM,202,1,0,1,1,126334,0,0,0,0,0
SEND: PSgk:ZZAM,203,1,0,1,1,126968,0,0,0,0,0
SEND: Et1G:ZZAM,204,1,0,1,1,127602,0,0,0,0,0
SEND: Vr74:ZZAM,205,1,0,1,1,128236,0,0,0,0,0
SEND: UMLu:ZZAM,206,1,0,1,1,128870,0,0,0,0,0
SEND: u0P8:ZZAM,207,1,0,1,1,129504,0,0,0,0,0
SEND: auqE:ZZAM,208,1,0,1,1,130138,0,0,0,0,0
SEND: d1dK:ZZAM,209,1,0,1,1,130772,0,0,0,0,0
SEND: gRGH:ZZAM,210,1,0,1,1,131406,0,0,0,0,0
SEND: QFu7:ZZAM,211,1,0,1,1,132040,0,0,0,0,0
SEND: AuwL:ZZAM,212,1,0,1,1,132674,0,0,0,0,0
SEND: wZIT:ZZAM,213,1,0,1,1,133308,0,0,0,0,0
SEND: Vo3R:ZZAM,214,1,0,1,1,133942,0,0,0,0,0
SEND: U8A9:ZZAM,215,1,0,1,1,134576,0,0,0,0,0
SEND: j7eT:ZZAM,216,1,0,1,1,135210,0,0,0,0,0
SEND: NVKh:ZZAM,217,1,0,1,1,135844,0,0,0,0,0
SEND: UkI4:ZZAM,218,1,0,1,1,136478,0,0,0,0,0
SEND: rVaB:ZZAM,219,1,0,1,1,137112,0,0,0,0,0
SEND: Mmi1:ZZAM,220,1,0,1,1,137746,0,0,0,0,0
SEND: 8SAd:ZZAM,221,1,0,1,1,138380,0,0,0,0,0
SEND: evo1:ZZAM,222,1,0,1,1,139014,0,0,0,0,0
