SEND: wi7m:ZZAN,4,1,0,1,1,4681,0,0,0,0,0
SEND: M1sH:ZZAN,5,1,0,1,1,5908,0,0,0,0,0
SEND: f1VW:ZZAN,6,1,0,1,1,7135,0,0,0,0,0
SEND: xD1R:ZZAN,7,1,0,1,1,8362,0,0,0,0,0
SEND: yC5H:ZZAN,8,1,0,1,1,9589,0,0,0,0,0
SEND: cyOc:ZZAN,9,1,0,1,1,10816,0,0,0,0,0
SEND: yQG8:ZZAN,10,1,0,1,1,12043,0,0,0,0,0
SEND: WvDL:ZZAN,11,1,0,1,1,13270,0,0,0,0,0
SEND: V7Cr:ZZAN,12,1,0,1,1,14497,0,0,0,0,0
SEND: 23RU:ZZAN,13,1,0,1,1,15724,0,0,0,0,0
SEND: Kxht:ZZAN,14,1,0,1,1,16951,0,0,0,0,0
SEND: oi8a:ZZAN,15,1,0,1,1,18178,0,0,0,0,0
SEND: RAva:ZZAN,16,1,0,1,1,19405,0,0,0,0,0
SEND: sGBx:ZZAN,17,1,0,1,1,20632,0,0,0,0,0
SEND: 1KtO:ZZAN,18,1,0,1,1,21859,0,0,0,0,0
SEND: EyrY:ZZAN,19,1,0,1,1,23086,0,0,0,0,0
SEND: gh5U:ZZAN,20,1,0,1,1,24313,0,0,0,0,0
SEND: GQUu:ZZAN,21,1,0,1,1,25540,0,0,0,0,0
SEND: tsMY:ZZAN,22,1,0,1,1,26767,0,0,0,0,0
SEND: dnyK:ZZAN,23,1,0,1,1,27994,0,0,0,0,0
SEND: tjJA:ZZAN,24,1,0,1,1,29221,0,0,0,0,0
SEND: DqUd:ZZAN,25,1,0,1,1,30448,0,0,0,0,0
SEND: D9kc:ZZAN,26,1,0,1,1,31675,0,0,0,0,0
SEND: GX9o:ZZAN,27,1,0,1,1,32902,0,0,0,0,0
SEND: MY6G:ZZAN,28,1,0,1,1,34129,0,0,0,0,0
SEND: 22P8:ZZAN,29,1,0,1,1,35356,0,0,0,0,0
SEND: l1BP:ZZAN,30,1,0,1,1,36583,0,0,0,0,0
SEND: iRCF:ZZAN,31,1,0,1,1,37810,0,0,0,0,0
SEND: webJ:ZZAN,32,1,0,1,1,39037,0,0,0,0,0
SEND: hXUb:ZZAN,33,1,0,1,1,40264,0,0,0,0,0
SEND: DXIX:ZZAN,34,1,0,1,1,41491,0,0,0,0,0
SEND: 1ejB:ZZAN,35,1,0,1,1,42718,0,0,0,0,0
SEND: zB5Y:ZZAN,36,1,0,1,1,43945,0,0,0,0,0
SEND: q0HS:ZZAN,37,1,0,1,1,45172,0,0,0,0,0
SEND: LF2j:ZZAN,38,1,0,1,1,46399,0,0,0,0,0
SEND: AQSb:ZZAN,39,1,0,1,1,47626,0,0,0,0,0
SEND: 3lii:ZZAN,40,1,0,1,1,48853,0,0,0,0,0
SEND: LIAd:ZZAN,41,1,0,1,1,50080,0,0,0,0,0
SEND: 9Wbe:ZZAN,42,1,0,1,1,51307,0,0,0,0,0
SEND: fRQQ:ZZAN,43,1,0,1,1,52534,0,0,0,0,0
SEND: tGKc:ZZAN,44,1,0,1,1,53761,0,0,0,0,0
SEND: UR8g:ZZAN,45,1,0,1,1,54988,0,0,0,0,0
SEND: SlrB:ZZAN,46,1,0,1,1,56215,0,0,0,0,0
SEND: 0qwt:ZZAN,47,1,0,1,1,57442,0,0,0,0,0
SEND: zi6t:ZZAN,48,1,0,1,1,58669,0,0,0,0,0
SEND: JI9r:ZZAN,49,1,0,1,1,59896,0,0,0,0,0
SEND: NIx3:ZZAN,50,1,0,1,1,61123,0,0,0,0,0
SEND: Zuab:ZZAN,51,1,0,1,1,62350,0,0,0,0,0
SEND: sOw7:ZZAN,52,1,0,1,1,63577,0,0,0,0,0
SEND: jyAa:ZZAN,53,1,0,1,1,64804,0,0,0,0,0
SEND: WN15:ZZAN,54,1,0,1,1,66031,0,0,0,0,0
SEND: tau7:ZZAN,55,1,0,1,1,67258,0,0,0,0,0
SEND: hZZ3:ZZAN,56,1,0,1,1,68485,0,0,0,0,0
SEND: Cswo:ZZAN,57,1,0,1,1,69712,0,0,0,0,0
SEND: 6wwL:ZZAN,58,1,0,1,1,70939,0,0,0,0,0
SEND: NhWb:ZZAN,59,1,0,1,1,72166,0,0,0,0,0
SEND: wuQr:ZZAN,60,1,0,1,1,73393,0,0,0,0,0
SEND: hnFI:ZZAN,61,1,0,1,1,74620,0,0,0,0,0
SEND: wvy2:ZZAN,62,1,0,1,1,75847,0,0,0,0,0
SEND: Pt81:ZZAN,63,1,0,1,1,77074,0,0,0,0,0
SEND: 6pBy:ZZAN,64,1,0,1,1,78301,0,0,0,0,0
SEND: t4g0:ZZAN,65,1,0,1,1,79528,0,0,0,0,0
SEND: q1wE:ZZAN,66,1,0,1,1,80755,0,0,0,0,0
SEND: 8WOK:ZZAN,67,1,0,1,1,81982,0,0,0,0,0
SEND: 7xDx:ZZAN,68,1,0,1,1,83209,0,0,0,0,0
SEND: xCOh:ZZAN,69,1,0,1,1,84436,0,0,0,0,0
SEND: iwDc:ZZAN,70,1,0,1,1,85663,0,0,0,0,0
SEND: wPRQ:ZZAN,71,1,0,1,1,86890,0,0,0,0,0
SEND: THBK:ZZAN,72,1,0,1,1,88117,0,0,0,0,0
SEND: 18mB:ZZAN,73,1,0,1,1,89344,0,0,0,0,0
SEND: gHhq:ZZAN,74,1,0,1,1,90571,0,0,0,0,0
SEND: Dmi9:ZZAN,75,1,0,1,1,91798,0,0,0,0,0
SEND: VhLb:ZZAN,76,1,0,1,1,93025,0,0,0,0,0
SEND: 3QHt:ZZAN,77,1,0,1,1,94252,0,0,0,0,0
SEND: 2oj2:ZZAN,78,1,0,1,1,95479,0,0,0,0,0
SEND: rE1b:ZZAN,79,1,0,1,1,96706,0,0,0,0,0
SEND: iXvW:ZZAN,80,1,0,1,1,97933,0,0,0,0,0
SEND: HLVp:ZZAN,81,1,0,1,1,99160,0,0,0,0,0
SEND: qfnN:ZZAN,82,1,0,1,1,100387,0,0,0,0,0
SEND: 9qqw:ZZAN,83,1,0,1,1,101634,0,0,0,0,0
SEND: tmeS:ZZAN,84,1,0,1,1,102881,0,0,0,0,0
SEND: 6Nkk:ZZAN,85,1,0,1,1,104128,0,0,0,0,0
SEND: educ:ZZAN,86,1,0,1,1,105375,0,0,0,0,0
SEND: LneK:ZZAN,87,1,0,1,1,106622,0,0,0,0,0
SEND: o31g:ZZAN,88,1,0,1,1,107869,0,0,0,0,0
SEND: Eat0:ZZAN,89,1,0,1,1,109116,0,0,0,0,0
SEND: ce8D:ZZAN,90,1,0,1,1,110363,0,0,0,0,0
SEND: 98Qy:ZZAN,91,1,0,1,1,111610,0,0,0,0,0
SEND: KJax:ZZAN,92,1,0,1,1,112857,0,0,0,0,0
SEND: 8gbB:ZZAN,93,1,0,1,1,114104,0,0,0,0,0
SEND: gUEL:ZZAN,94,1,0,1,1,115351,0,0,0,0,0
SEND: tMX4:ZZAN,95,1,0,1,1,116598,0,0,0,0,0
SEND: cbsU:ZZAN,96,1,0,1,1,117845,0,0,0,0,0
SEND: FRHg:ZZAN,97,1,0,1,1,119092,0,0,0,0,0
SEND: 8k7C:ZZAN,98,1,0,1,1,120339,0,0,0,0,0
SEND: YJP4:ZZAN,99,1,0,1,1,121586,0,0,0,0,0
SEND: vCXI:ZZAN,100,1,0,1,1,122833,0,0,0,0,0
SEND: 2rXO:ZZAN,101,1,0,1,1,124080,0,0,0,0,0
SEND: iJhf:ZZAN,102,1,0,1,1,125327,0,0,0,0,0
SEND: 8nF7:ZZAN,103,1,0,1,1,126574,0,0,0,0,0
SEND: pcbm:ZZAN,104,1,0,1,1,127821,0,0,0,0,0
SEND: vES8:ZZAN,105,1,0,1,1,129068,0,0,0,0,0
SEND: RGLH:ZZAN,106,1,0,1,1,130315,0,0,0,0,0
SEND: xBfm:ZZAN,107,1,0,1,1,131562,0,0,0,0,0
SEND: nu7N:ZZAN,108,1,0,1,1,132809,0,0,0,0,0
SEND: um2O:ZZAN,109,1,0,1,1,134056,0,0,0,0,0
SEND: yrj9:ZZAN,110,1,0,1,1,135303,0,0,0,0,0
SEND: GoaQ:ZZAN,111,1,0,1,1,136550,0,0,0,0,0
SEND: Xlmw:ZZAN,112,1,0,1,1,137797,0,0,0,0,0
SEND: NFI4:ZZAN,113,1,0,1,1,139044,0,0,0,0,0
