SEND: NKKR:ZZBA,2,1,0,1,1,2068,0,0,0,0,0
SEND: My2L:ZZBA,3,1,0,1,1,3135,0,0,0,0,0
SEND: zylV:ZZBA,4,1,0,1,1,4202,0,0,0,0,0
SEND: mirD:ZZBA,5,1,0,1,1,5269,0,0,0,0,0
SEND: rJTi:ZZBA,6,1,0,1,1,6336,0,0,0,0,0
SEND: US4M:ZZBA,7,1,0,1,1,7403,0,0,0,0,0
SEND: 0SpK:ZZBA,8,1,0,1,1,8470,0,0,0,0,0
SEND: 2goh:ZZBA,9,1,0,1,1,9537,0,0,0,0,0
SEND: 7lrG:ZZBA,10,1,0,1,1,10604,0,0,0,0,0
SEND: DwpE:ZZBA,11,1,0,1,1,11671,0,0,0,0,0
SEND: NZo6:ZZBA,12,1,0,1,1,12738,0,0,0,0,0
SEND: cd9A:ZZBA,13,1,0,1,1,13805,0,0,0,0,0
SEND: yKyV:ZZBA,14,1,0,1,1,14872,0,0,0,0,0
SEND: wO7E:ZZBA,15,1,0,1,1,15939,0,0,0,0,0
SEND: qtNb:ZZBA,16,1,0,1,1,17006,0,0,0,0,0
SEND: wSHO:ZZBA,17,1,0,1,1,18073,0,0,0,0,0
SEND: RpFV:ZZBA,18,1,0,1,1,19140,0,0,0,0,0
SEND: kM2Z:ZZBA,19,1,0,1,1,20207,0,0,0,0,0
SEND: 9R53:ZZBA,20,1,0,1,1,21274,0,0,0,0,0
SEND: 8HJ7:ZZBA,21,1,0,1,1,22341,0,0,0,0,0
SEND: M1uQ:ZZBA,22,1,0,1,1,23408,0,0,0,0,0
SEND: e4pW:ZZBA,23,1,0,1,1,24475,0,0,0,0,0
SEND: FoMA:ZZBA,24,1,0,1,1,25542,0,0,0,0,0
SEND: nwsM:ZZBA,25,1,0,1,1,26609,0,0,0,0,0
SEND: zH2R:ZZBA,26,1,0,1,1,27676,0,0,0,0,0
SEND: IEKq:ZZBA,27,1,0,1,1,28743,0,0,0,0,0
SEND: fIFT:ZZBA,28,1,0,1,1,29810,0,0,0,0,0
SEND: bGNI:ZZBA,29,1,0,1,1,30877,0,0,0,0,0
SEND: 7aO5:ZZBA,30,1,0,1,1,31944,0,0,0,0,0
SEND: RUXp:ZZBA,31,1,0,1,1,33011,0,0,0,0,0
SEND: gnKV:ZZBA,32,1,0,1,1,34078,0,0,0,0,0
SEND: 9gVO:ZZBA,33,1,0,1,1,35145,0,0,0,0,0
SEND: 4An4:ZZBA,34,1,0,1,1,36212,0,0,0,0,0
SEND: FkBS:ZZBA,35,1,0,1,1,37279,0,0,0,0,0
SEND: u7H7:ZZBA,36,1,0,1,1,38346,0,0,0,0,0
SEND: 5zR4:ZZBA,37,1,0,1,1,39413,0,0,0,0,0
SEND: s6s1:ZZBA,38,1,0,1,1,40480,0,0,0,0,0
SEND: K8DD:ZZBA,39,1,0,1,1,41547,0,0,0,0,0
SEND: qwyF:ZZBA,40,1,0,1,1,42614,0,0,0,0,0
SEND: 0LBS:ZZBA,41,1,0,1,1,43681,0,0,0,0,0
SEND: 6mth:ZZBA,42,1,0,1,1,44748,0,0,0,0,0
SEND: Jonj:ZZBA,43,1,0,1,1,45815,0,0,0,0,0
SEND: DUPj:ZZBA,44,1,0,1,1,46882,0,0,0,0,0
SEND: JISu:ZZBA,45,1,0,1,1,47949,0,0,0,0,0
SEND: PCfM:ZZBA,46,1,0,1,1,49016,0,0,0,0,0
SEND: Qzam:ZZBA,47,1,0,1,1,50083,0,0,0,0,0
SEND: nU6z:ZZBA,48,1,0,1,1,51150,0,0,0,0,0
SEND: NKkY:ZZBA,49,1,0,1,1,52217,0,0,0,0,0
SEND: GgpN:ZZBA,50,1,0,1,1,53284,0,0,0,0,0
SEND: znnX:ZZBA,51,1,0,1,1,54351,0,0,0,0,0
SEND: JQFF:ZZBA,52,1,0,1,1,55418,0,0,0,0,0
SEND: tpxT:ZZBA,53,1,0,1,1,56485,0,0,0,0,0
SEND: U1LR:ZZBA,54,1,0,1,1,57552,0,0,0,0,0
SEND: MSR4:ZZBA,55,1,0,1,1,58619,0,0,0,0,0
SEND: 4sEi:ZZBA,56,1,0,1,1,59686,0,0,0,0,0
SEND: KiB0:ZZBA,57,1,0,1,1,60753,0,0,0,0,0
SEND: F1d4:ZZBA,58,1,0,1,1,61820,0,0,0,0,0
SEND: SxY6:ZZBA,59,1,0,1,1,62887,0,0,0,0,0
SEND: KjM7:ZZBA,60,1,0,1,1,63954,0,0,0,0,0
SEND: QSFg:ZZBA,61,1,0,1,1,65021,0,0,0,0,0
SEND: xdoJ:ZZBA,62,1,0,1,1,66088,0,0,0,0,0
SEND: eKtb:ZZBA,63,1,0,1,1,67155,0,0,0,0,0
SEND: ZskK:ZZBA,64,1,0,1,1,68222,0,0,0,0,0
SEND: O1NU:ZZBA,65,1,0,1,1,69289,0,0,0,0,0
SEND: U0xg:ZZBA,66,1,0,1,1,70356,0,0,0,0,0
SEND: Jaur:ZZBA,67,1,0,1,1,71423,0,0,0,0,0
SEND: 3Vri:ZZBA,68,1,0,1,1,72490,0,0,0,0,0
SEND: Texh:ZZBA,69,1,0,1,1,73557,0,0,0,0,0
SEND: t3yK:ZZBA,70,1,0,1,1,74624,0,0,0,0,0
SEND: 9QyN:ZZBA,71,1,0,1,1,75691,0,0,0,0,0
SEND: Tt8p:ZZBA,72,1,0,1,1,76758,0,0,0,0,0
SEND: C7aK:ZZBA,73,1,0,1,1,77825,0,0,0,0,0
SEND: AWjL:ZZBA,74,1,0,1,1,78892,0,0,0,0,0
SEND: 6Q9c:ZZBA,75,1,0,1,1,79959,0,0,0,0,0
SEND: vazw:ZZBA,76,1,0,1,1,81026,0,0,0,0,0
SEND: ZPFy:ZZBA,77,1,0,1,1,82093,0,0,0,0,0
SEND: Q2iq:ZZBA,78,1,0,1,1,83160,0,0,0,0,0
SEND: KMCT:ZZBA,79,1,0,1,1,84227,0,0,0,0,0
SEND: 5OAY:ZZBA,80,1,0,1,1,85294,0,0,0,0,0
SEND: G7rW:ZZBA,81,1,0,1,1,86361,0,0,0,0,0
SEND: 4iih:ZZBA,82,1,0,1,1,87428,0,0,0,0,0
SEND: Ywxp:ZZBA,83,1,0,1,1,88495,0,0,0,0,0
SEND: zgnj:ZZBA,84,1,0,1,1,89562,0,0,0,0,0
SEND: Qrn9:ZZBA,85,1,0,1,1,90629,0,0,0,0,0
SEND: WDOk:ZZBA,86,1,0,1,1,91696,0,0,0,0,0
SEND: vfXY:ZZBA,87,1,0,1,1,92763,0,0,0,0,0
SEND: gDyQ:ZZBA,88,1,0,1,1,93830,0,0,0,0,0
SEND: 1C5B:ZZBA,89,1,0,1,1,94897,0,0,0,0,0
SEND: RA8X:ZZBA,90,1,0,1,1,95964,0,0,0,0,0
SEND: JprF:ZZBA,91,1,0,1,1,97031,0,0,0,0,0
SEND: a5q3:ZZBA,92,1,0,1,1,98098,0,0,0,0,0
SEND: pNnk:ZZBA,93,1,0,1,1,99165,0,0,0,0,0
SEND: OBBV:ZZBA,94,1,0,1,1,100232,0,0,0,0,0
SEND: vnKh:ZZBA,95,1,0,1,1,101305,0,0,0,0,0
SEND: H46U:ZZBA,96,1,0,1,1,102378,0,0,0,0,0
SEND: V9Uk:ZZBA,97,1,0,1,1,103451,0,0,0,0,0
SEND: QUGi:ZZBA,98,1,0,1,1,104524,0,0,0,0,0
SEND: G5HP:ZZBA,99,1,0,1,1,105597,0,0,0,0,0
SEND: iZX7:ZZBA,100,1,0,1,1,106670,0,0,0,0,0
SEND: zhxD:ZZBA,101,1,0,1,1,107743,0,0,0,0,0
SEND: GYPy:ZZBA,102,1,0,1,1,108816,0,0,0,0,0
SEND: qRSw:ZZBA,103,1,0,1,1,109889,0,0,0,0,0
SEND: hlNl:ZZBA,104,1,0,1,1,110962,0,0,0,0,0
SEND: rgg6:ZZBA,105,1,0,1,1,112035,0,0,0,0,0
SEND: EPBY:ZZBA,106,1,0,1,1,113108,0,0,0,0,0
SEND: zBgX:ZZBA,107,1,0,1,1,114181,0,0,0,0,0
SEND: exoh:ZZBA,108,1,0,1,1,115254,0,0,0,0,0
SEND: xhvX:ZZBA,109,1,0,1,1,116327,0,0,0,0,0
