SEND: Q8Lj:ZZBB,1,1,0,1,1,1000,0,0,0,0,0
SEND: AhJA:ZZBB,2,1,0,1,1,2068,0,0,0,0,0
SEND: rmkS:ZZBB,3,1,0,1,1,3135,0,0,0,0,0
SEND: iH7a:ZZBB,4,1,0,1,1,4202,0,0,0,0,0
SEND: zrWa:ZZBB,5,1,0,1,1,5269,0,0,0,0,0
SEND: kTmG:ZZBB,6,1,0,1,1,6336,0,0,0,0,0
SEND: bqMN:ZZBB,7,1,0,1,1,7403,0,0,0,0,0
SEND: tR83:ZZBB,8,1,0,1,1,8470,0,0,0,0,0
SEND: 5EPp:ZZBB,9,1,0,1,1,9537,0,0,0,0,0
SEND: qChz:ZZBB,10,1,0,1,1,10604,0,0,0,0,0
SEND: cmym:ZZBB,11,1,0,1,1,11671,0,0,0,0,0
SEND: oIli:ZZBB,12,1,0,1,1,12738,0,0,0,0,0
SEND: RufS:ZZBB,13,1,0,1,1,13805,0,0,0,0,0
SEND: jvAa:ZZBB,14,1,0,1,1,14872,0,0,0,0,0
SEND: rGL7:ZZBB,15,1,0,1,1,15939,0,0,0,0,0
SEND: t34L:ZZBB,16,1,0,1,1,17006,0,0,0,0,0
SEND: JvHf:ZZBB,17,1,0,1,1,18073,0,0,0,0,0
SEND: ydp4:ZZBB,18,1,0,1,1,19140,0,0,0,0,0
SEND: XIpy:ZZBB,19,1,0,1,1,20207,0,0,0,0,0
SEND: mdxv:ZZBB,20,1,0,1,1,21274,0,0,0,0,0
SEND: 35dc:ZZBB,21,1,0,1,1,22341,0,0,0,0,0
SEND: rZdG:ZZBB,22,1,0,1,1,23408,0,0,0,0,0
SEND: ZKQX:ZZBB,23,1,0,1,1,24475,0,0,0,0,0
SEND: Yn7s:ZZBB,24,1,0,1,1,25542,0,0,0,0,0
SEND: 2ZNJ:ZZBB,25,1,0,1,1,26609,0,0,0,0,0
SEND: 2ETK:ZZBB,26,1,0,1,1,27676,0,0,0,0,0
SEND: TCDW:ZZBB,27,1,0,1,1,28743,0,0,0,0,0
SEND: U2tR:ZZBB,28,1,0,1,1,29810,0,0,0,0,0
SEND: ubC1:ZZBB,29,1,0,1,1,30877,0,0,0,0,0
SEND: eb85:ZZBB,30,1,0,1,1,31944,0,0,0,0,0
SEND: 8dxf:ZZBB,31,1,0,1,1,33011,0,0,0,0,0
SEND: paLA:ZZBB,32,1,0,1,1,34078,0,0,0,0,0
SEND: 2umc:ZZBB,33,1,0,1,1,35145,0,0,0,0,0
SEND: DWQP:ZZBB,34,1,0,1,1,36212,0,0,0,0,0
SEND: kphy:ZZBB,35,1,0,1,1,37279,0,0,0,0,0
SEND: lLul:ZZBB,36,1,0,1,1,38346,0,0,0,0,0
SEND: k45E:ZZBB,37,1,0,1,1,39413,0,0,0,0,0
SEND: p1hC:ZZBB,38,1,0,1,1,40480,0,0,0,0,0
SEND: fVZy:ZZBB,39,1,0,1,1,41547,0,0,0,0,0
SEND: 9c0b:ZZBB,40,1,0,1,1,42614,0,0,0,0,0
SEND: p4l2:ZZBB,41,1,0,1,1,43681,0,0,0,0,0
SEND: dAoK:ZZBB,42,1,0,1,1,44748,0,0,0,0,0
SEND: qE4D:ZZBB,43,1,0,1,1,45815,0,0,0,0,0
SEND: 2vfv:ZZBB,44,1,0,1,1,46882,0,0,0,0,0
SEND: wfvG:ZZBB,45,1,0,1,1,47949,0,0,0,0,0
SEND: MeH8:ZZBB,46,1,0,1,1,49016,0,0,0,0,0
SEND: fTBk:ZZBB,47,1,0,1,1,50083,0,0,0,0,0
SEND: YUOg:ZZBB,48,1,0,1,1,51150,0,0,0,0,0
SEND: 4rq6:ZZBB,49,1,0,1,1,52217,0,0,0,0,0
SEND: TL78:ZZBB,50,1,0,1,1,53284,0,0,0,0,0
SEND: EfKX:ZZBB,51,1,0,1,1,54351,0,0,0,0,0
SEND: o157:ZZBB,52,1,0,1,1,55418,0,0,0,0,0
SEND: 2f4i:ZZBB,53,1,0,1,1,56485,0,0,0,0,0
SEND: flLR:ZZBB,54,1,0,1,1,57552,0,0,0,0,0
SEND: JTfm:ZZBB,55,1,0,1,1,58619,0,0,0,0,0
SEND: nmD9:ZZBB,56,1,0,1,1,59686,0,0,0,0,0
SEND: ROj6:ZZBB,57,1,0,1,1,60753,0,0,0,0,0
SEND: Cz0n:ZZBB,58,1,0,1,1,61820,0,0,0,0,0
SEND: faDo:ZZBB,59,1,0,1,1,62887,0,0,0,0,0
SEND: 5FaB:ZZBB,60,1,0,1,1,63954,0,0,0,0,0
SEND: zoTi:ZZBB,61,1,0,1,1,65021,0,0,0,0,0
SEND: EWO6:ZZBB,62,1,0,1,1,66088,0,0,0,0,0
SEND: t4c7:ZZBB,63,1,0,1,1,67155,0,0,0,0,0
SEND: Kc0y:ZZBB,64,1,0,1,1,68222,0,0,0,0,0
SEND: 9LT6:ZZBB,65,1,0,1,1,69289,0,0,0,0,0
SEND: VHbW:ZZBB,66,1,0,1,1,70356,0,0,0,0,0
SEND: KueG:ZZBB,67,1,0,1,1,71423,0,0,0,0,0
SEND: KO5g:ZZBB,68,1,0,1,1,72490,0,0,0,0,0
SEND: udOF:ZZBB,69,1,0,1,1,73557,0,0,0,0,0
SEND: 6rBP:ZZBB,70,1,0,1,1,74624,0,0,0,0,0
SEND: aOpl:ZZBB,71,1,0,1,1,75691,0,0,0,0,0
SEND: aIb1:ZZBB,72,1,0,1,1,76758,0,0,0,0,0
SEND: XUms:ZZBB,73,1,0,1,1,77825,0,0,0,0,0
SEND: XakU:ZZBB,74,1,0,1,1,78892,0,0,0,0,0
SEND: lO0S:ZZBB,75,1,0,1,1,79959,0,0,0,0,0
SEND: 4iH1:ZZBB,76,1,0,1,1,81026,0,0,0,0,0
SEND: 0KzL:ZZBB,77,1,0,1,1,82093,0,0,0,0,0
SEND: TkrG:ZZBB,78,1,0,1,1,83160,0,0,0,0,0
SEND: BGbg:ZZBB,79,1,0,1,1,84227,0,0,0,0,0
SEND: Y3Pe:ZZBB,80,1,0,1,1,85294,0,0,0,0,0
SEND: hpHO:ZZBB,81,1,0,1,1,86361,0,0,0,0,0
SEND: fYFZ:ZZBB,82,1,0,1,1,87428,0,0,0,0,0
SEND: fWCj:ZZBB,83,1,0,1,1,88495,0,0,0,0,0
SEND: kYYV:ZZBB,84,1,0,1,1,89562,0,0,0,0,0
SEND: 5ien:ZZBB,85,1,0,1,1,90629,0,0,0,0,0
SEND: FVmV:ZZBB,86,1,0,1,1,91696,0,0,0,0,0
SEND: AzWB:ZZBB,87,1,0,1,1,92763,0,0,0,0,0
SEND: rxup:ZZBB,88,1,0,1,1,93830,0,0,0,0,0
SEND: 6aI6:ZZBB,89,1,0,1,1,94897,0,0,0,0,0
