SEND: VE4K:ZZBC,1,1,0,1,1,1000,0,0,0,0,0
SEND: dH4M:ZZBC,2,1,0,1,1,2068,0,0,0,0,0
SEND: cvmF:ZZBC,3,1,0,1,1,3135,0,0,0,0,0
SEND: V6tl:ZZBC,4,1,0,1,1,4202,0,0,0,0,0
SEND: gq4L:ZZBC,5,1,0,1,1,5269,0,0,0,0,0
SEND: 1tC4:ZZBC,6,1,0,1,1,6336,0,0,0,0,0
SEND: SoUn:ZZBC,7,1,0,1,1,7403,0,0,0,0,0
SEND: oTwm:ZZBC,8,1,0,1,1,8470,0,0,0,0,0
SEND: QMRc:ZZBC,9,1,0,1,1,9537,0,0,0,0,0
SEND: Rpkz:ZZBC,10,1,0,1,1,10604,0,0,0,0,0
SEND: huVS:ZZBC,11,1,0,1,1,11671,0,0,0,0,0
SEND: Pt3Q:ZZBC,12,1,0,1,1,12738,0,0,0,0,0
SEND: GF9P:ZZBC,13,1,0,1,1,13805,0,0,0,0,0
SEND: 2VFi:ZZBC,14,1,0,1,1,14872,0,0,0,0,0
SEND: EF7n:ZZBC,15,1,0,1,1,15939,0,0,0,0,0
SEND: yCGM:ZZBC,16,1,0,1,1,17006,0,0,0,0,0
SEND: snXb:ZZBC,17,1,0,1,1,18073,0,0,0,0,0
SEND: T9i0:ZZBC,18,1,0,1,1,19140,0,0,0,0,0
SEND: iQdP:ZZBC,19,1,0,1,1,20207,0,0,0,0,0
SEND: 9QWs:ZZBC,20,1,0,1,1,21274,0,0,0,0,0
SEND: MMpF:ZZBC,21,1,0,1,1,22341,0,0,0,0,0
SEND: QSdR:ZZBC,22,1,0,1,1,23408,0,0,0,0,0
SEND: 6hvJ:ZZBC,23,1,0,1,1,24475,0,0,0,0,0
SEND: L2SR:ZZBC,24,1,0,1,1,25542,0,0,0,0,0
SEND: 1C8k:ZZBC,25,1,0,1,1,26609,0,0,0,0,0
SEND: PgjI:ZZBC,26,1,0,1,1,27676,0,0,0,0,0
SEND: CkQp:ZZBC,27,1,0,1,1,28743,0,0,0,0,0
SEND: HFSO:ZZBC,28,1,0,1,1,29810,0,0,0,0,0
SEND: 54vW:ZZBC,29,1,0,1,1,30877,0,0,0,0,0
SEND: z711:ZZBC,30,1,0,1,1,31944,0,0,0,0,0
SEND: dlUL:ZZBC,31,1,0,1,1,33011,0,0,0,0,0
SEND: 8AQI:ZZBC,32,1,0,1,1,34078,0,0,0,0,0
SEND: bMDV:ZZBC,33,1,0,1,1,35145,0,0,0,0,0
SEND: mmWX:ZZBC,34,1,0,1,1,36212,0,0,0,0,0
SEND: pxE4:ZZBC,35,1,0,1,1,37279,0,0,0,0,0
SEND: sZ1M:ZZBC,36,1,0,1,1,38346,0,0,0,0,0
SEND: toHP:ZZBC,37,1,0,1,1,39413,0,0,0,0,0
SEND: QPlv:ZZBC,38,1,0,1,1,40480,0,0,0,0,0
SEND: ubEL:ZZBC,39,1,0,1,1,41547,0,0,0,0,0
SEND: EoEm:ZZBC,40,1,0,1,1,42614,0,0,0,0,0
SEND: eDHz:ZZBC,41,1,0,1,1,43681,0,0,0,0,0
SEND: Q8cO:ZZBC,42,1,0,1,1,44748,0,0,0,0,0
SEND: 7k7Z:ZZBC,43,1,0,1,1,45815,0,0,0,0,0
SEND: Vqjt:ZZBC,44,1,0,1,1,46882,0,0,0,0,0
SEND: FVe0:ZZBC,45,1,0,1,1,47949,0,0,0,0,0
SEND: zR66:ZZBC,46,1,0,1,1,49016,0,0,0,0,0
SEND: AO1G:ZZBC,47,1,0,1,1,50083,0,0,0,0,0
SEND: pEJD:ZZBC,48,1,0,1,1,51150,0,0,0,0,0
SEND: JvyG:ZZBC,49,1,0,1,1,52217,0,0,0,0,0
SEND: U8vu:ZZBC,50,1,0,1,1,53284,0,0,0,0,0
SEND: jsgQ:ZZBC,51,1,0,1,1,54351,0,0,0,0,0
SEND: 7Mpl:ZZBC,52,1,0,1,1,55418,0,0,0,0,0
SEND: 14NN:ZZBC,53,1,0,1,1,56485,0,0,0,0,0
SEND: cye1:ZZBC,54,1,0,1,1,57552,0,0,0,0,0
SEND: wXKX:ZZBC,55,1,0,1,1,58619,0,0,0,0,0
SEND: oJ0w:ZZBC,56,1,0,1,1,59686,0,0,0,0,0
SEND: g62A:ZZBC,57,1,0,1,1,60753,0,0,0,0,0
SEND: BCoI:ZZBC,58,1,0,1,1,61820,0,0,0,0,0
SEND: AhrF:ZZBC,59,1,0,1,1,62887,0,0,0,0,0
SEND: 6KIt:ZZBC,60,1,0,1,1,63954,0,0,0,0,0
SEND: oXfQ:ZZBC,61,1,0,1,1,65021,0,0,0,0,0
SEND: B48K:ZZBC,62,1,0,1,1,66088,0,0,0,0,0
SEND: mNsR:ZZBC,63,1,0,1,1,67155,0,0,0,0,0
SEND: D84w:ZZBC,64,1,0,1,1,68222,0,0,0,0,0
SEND: U71Z:ZZBC,65,1,0,1,1,69289,0,0,0,0,0
SEND: SSRU:ZZBC,66,1,0,1,1,70356,0,0,0,0,0
SEND: f4tA:ZZBC,67,1,0,1,1,71423,0,0,0,0,0
SEND: ploE:ZZBC,68,1,0,1,1,72490,0,0,0,0,0
SEND: BYAh:ZZBC,69,1,0,1,1,73557,0,0,0,0,0
SEND: xeEP:ZZBC,70,1,0,1,1,74624,0,0,0,0,0
SEND: j82x:ZZBC,71,1,0,1,1,75691,0,0,0,0,0
SEND: FF8e:ZZBC,72,1,0,1,1,76758,0,0,0,0,0
SEND: Qhw4:ZZBC,73,1,0,1,1,77825,0,0,0,0,0
SEND: GAp2:ZZBC,74,1,0,1,1,78892,0,0,0,0,0
SEND: yNm7:ZZBC,75,1,0,1,1,79959,0,0,0,0,0
SEND: 3l5n:ZZBC,76,1,0,1,1,81026,0,0,0,0,0
SEND: hajw:ZZBC,77,1,0,1,1,82093,0,0,0,0,0
SEND: uC4N:ZZBC,78,1,0,1,1,83160,0,0,0,0,0
SEND: WNZw:ZZBC,79,1,0,1,1,84227,0,0,0,0,0
SEND: PStR:ZZBC,80,1,0,1,1,85294,0,0,0,0,0
SEND: 07Uh:ZZBC,81,1,0,1,1,86361,0,0,0,0,0
SEND: ERFa:ZZBC,82,1,0,1,1,87428,0,0,0,0,0
SEND: msh5:ZZBC,83,1,0,1,1,88495,0,0,0,0,0
SEND: 3ruG:ZZBC,84,1,0,1,1,89562,0,0,0,0,0
SEND: upTn:ZZBC,85,1,0,1,1,90629,0,0,0,0,0
SEND: gVay:ZZBC,86,1,0,1,1,91696,0,0,0,0,0
SEND: fCJJ:ZZBC,87,1,0,1,1,92763,0,0,0,0,0
SEND: 6JxH:ZZBC,88,1,0,1,1,93830,0,0,0,0,0
SEND: H2B1:ZZBC,89,1,0,1,1,94897,0,0,0,0,0
SEND: Zr8G:ZZBC,90,1,0,1,1,95964,0,0,0,0,0
SEND: zvqw:ZZBC,91,1,0,1,1,97031,0,0,0,0,0
SEND: Ccpo:ZZBC,92,1,0,1,1,98098,0,0,0,0,0
SEND: HBKl:ZZBC,93,1,0,1,1,99165,0,0,0,0,0
SEND: 810U:ZZBC,94,1,0,1,1,100232,0,0,0,0,0
SEND: lpSd:ZZBC,95,1,0,1,1,101305,0,0,0,0,0
