SEND: m1gl:ZZBD,10,1,0,1,1,10604,0,0,0,0,0
SEND: k1Vb:ZZBD,11,1,0,1,1,11671,0,0,0,0,0
SEND: QHVa:ZZBD,12,1,0,1,1,12738,0,0,0,0,0
SEND: NpXZ:ZZBD,13,1,0,1,1,13805,0,0,0,0,0
SEND: 36bm:ZZBD,14,1,0,1,1,14872,0,0,0,0,0
SEND: LxSJ:ZZBD,15,1,0,1,1,15939,0,0,0,0,0
SEND: FOT7:ZZBD,16,1,0,1,1,17006,0,0,0,0,0
SEND: RqhM:ZZBD,17,1,0,1,1,18073,0,0,0,0,0
SEND: UTIC:ZZBD,18,1,0,1,1,19140,0,0,0,0,0
SEND: p2X4:ZZBD,19,1,0,1,1,20207,0,0,0,0,0
SEND: Ss06:ZZBD,20,1,0,1,1,21274,0,0,0,0,0
SEND: JdeC:ZZBD,21,1,0,1,1,22341,0,0,0,0,0
SEND: RBIh:ZZBD,22,1,0,1,1,23408,0,0,0,0,0
SEND: 5fg5:ZZBD,23,1,0,1,1,24475,0,0,0,0,0
SEND: yTUP:ZZBD,24,1,0,1,1,25542,0,0,0,0,0
SEND: MTmp:ZZBD,25,1,0,1,1,26609,0,0,0,0,0
SEND: c2EQ:ZZBD,26,1,0,1,1,27676,0,0,0,0,0
SEND: Farq:ZZBD,27,1,0,1,1,28743,0,0,0,0,0
SEND: 4tBl:ZZBD,28,1,0,1,1,29810,0,0,0,0,0
SEND: 62fO:ZZBD,29,1,0,1,1,30877,0,0,0,0,0
SEND: isfa:ZZBD,30,1,0,1,1,31944,0,0,0,0,0
SEND: oaWi:ZZBD,31,1,0,1,1,33011,0,0,0,0,0
SEND: L2JL:ZZBD,32,1,0,1,1,34078,0,0,0,0,0
SEND: 2351:ZZBD,33,1,0,1,1,35145,0,0,0,0,0
SEND: R4EW:ZZBD,34,1,0,1,1,36212,0,0,0,0,0
SEND: OXVU:ZZBD,35,1,0,1,1,37279,0,0,0,0,0
SEND: jvBd:ZZBD,36,1,0,1,1,38346,0,0,0,0,0
SEND: UBMN:ZZBD,37,1,0,1,1,39413,0,0,0,0,0
SEND: 9KOH:ZZBD,38,1,0,1,1,40480,0,0,0,0,0
SEND: xbpB:ZZBD,39,1,0,1,1,41547,0,0,0,0,0
SEND: nUic:ZZBD,40,1,0,1,1,42614,0,0,0,0,0
SEND: vYfG:ZZBD,41,1,0,1,1,43681,0,0,0,0,0
SEND: 9Zzt:ZZBD,42,1,0,1,1,44748,0,0,0,0,0
SEND: WLUz:ZZBD,43,1,0,1,1,45815,0,0,0,0,0
SEND: qmIo:ZZBD,44,1,0,1,1,46882,0,0,0,0,0
SEND: 6FV6:ZZBD,45,1,0,1,1,47949,0,0,0,0,0
SEND: eWt1:ZZBD,46,1,0,1,1,49016,0,0,0,0,0
SEND: zM0Q:ZZBD,47,1,0,1,1,50083,0,0,0,0,0
SEND: aUUx:ZZBD,48,1,0,1,1,51150,0,0,0,0,0
SEND: omHt:ZZBD,49,1,0,1,1,52217,0,0,0,0,0
SEND: RnhR:ZZBD,50,1,0,1,1,53284,0,0,0,0,0
SEND: Ums6:ZZBD,51,1,0,1,1,54351,0,0,0,0,0
SEND: MQ99:ZZBD,52,1,0,1,1,55418,0,0,0,0,0
SEND: 8xfI:ZZBD,53,1,0,1,1,56485,0,0,0,0,0
SEND: NrLp:ZZBD,54,1,0,1,1,57552,0,0,0,0,0
SEND: bRJ5:ZZBD,55,1,0,1,1,58619,0,0,0,0,0
SEND: ZULQ:ZZBD,56,1,0,1,1,59686,0,0,0,0,0
SEND: j6Rm:ZZBD,57,1,0,1,1,60753,0,0,0,0,0
SEND: 8FWQ:ZZBD,58,1,0,1,1,61820,0,0,0,0,0
SEND: JUpg:ZZBD,59,1,0,1,1,62887,0,0,0,0,0
SEND: 1A5j:ZZBD,60,1,0,1,1,63954,0,0,0,0,0
SEND: NyvY:ZZBD,61,1,0,1,1,65021,0,0,0,0,0
SEND: mkhl:ZZBD,62,1,0,1,1,66088,0,0,0,0,0
SEND: dpq5:ZZBD,63,1,0,1,1,67155,0,0,0,0,0
SEND: aFwB:ZZBD,64,1,0,1,1,68222,0,0,0,0,0
SEND: 7NVR:ZZBD,65,1,0,1,1,69289,0,0,0,0,0
SEND: bjnb:ZZBD,66,1,0,1,1,70356,0,0,0,0,0
SEND: mrnu:ZZBD,67,1,0,1,1,71423,0,0,0,0,0
SEND: MmpU:ZZBD,68,1,0,1,1,72490,0,0,0,0,0
SEND: 8dxK:ZZBD,69,1,0,1,1,73557,0,0,0,0,0
SEND: GcW4:ZZBD,70,1,0,1,1,74624,0,0,0,0,0
SEND: Qs0Z:ZZBD,71,1,0,1,1,75691,0,0,0,0,0
SEND: 0wQM:ZZBD,72,1,0,1,1,76758,0,0,0,0,0
SEND: HZPp:ZZBD,73,1,0,1,1,77825,0,0,0,0,0
SEND: ZQJ7:ZZBD,74,1,0,1,1,78892,0,0,0,0,0
SEND: bWsy:ZZBD,75,1,0,1,1,79959,0,0,0,0,0
SEND: 05PA:ZZBD,76,1,0,1,1,81026,0,0,0,0,0
SEND: kbYA:ZZBD,77,1,0,1,1,82093,0,0,0,0,0
SEND: nLpg:ZZBD,78,1,0,1,1,83160,0,0,0,0,0
SEND: N9tD:ZZBD,79,1,0,1,1,84227,0,0,0,0,0
SEND: q7eA:ZZBD,80,1,0,1,1,85294,0,0,0,0,0
SEND: 7j3M:ZZBD,81,1,0,1,1,86361,0,0,0,0,0
SEND: F2AK:ZZBD,82,1,0,1,1,87428,0,0,0,0,0
SEND: xuKi:ZZBD,83,1,0,1,1,88495,0,0,0,0,0
SEND: w1L1:ZZBD,84,1,0,1,1,89562,0,0,0,0,0
SEND: pHf3:ZZBD,85,1,0,1,1,90629,0,0,0,0,0
SEND: 3PFU:ZZBD,86,1,0,1,1,91696,0,0,0,0,0
SEND: wq3k:ZZBD,87,1,0,1,1,92763,0,0,0,0,0
