SEND: 59vM:ZZBE,1,1,0,1,1,1000,0,0,0,0,0
SEND: 1cw5:ZZBE,2,1,0,1,1,2068,0,0,0,0,0
SEND: 2XzI:ZZBE,3,1,0,1,1,3135,0,0,0,0,0
SEND: DA8W:ZZBE,4,1,0,1,1,4202,0,0,0,0,0
SEND: gz4x:ZZBE,5,1,0,1,1,5269,0,0,0,0,0
SEND: nXiW:ZZBE,6,1,0,1,1,6336,0,0,0,0,0
SEND: Yofk:ZZBE,7,1,0,1,1,7403,0,0,0,0,0
SEND: Cv7p:ZZBE,8,1,0,1,1,8470,0,0,0,0,0
SEND: CWjc:ZZBE,9,1,0,1,1,9537,0,0,0,0,0
SEND: NOil:ZZBE,10,1,0,1,1,10604,0,0,0,0,0
SEND: p9iI:ZZBE,11,1,0,1,1,11671,0,0,0,0,0
SEND: lFSn:ZZBE,12,1,0,1,1,12738,0,0,0,0,0
SEND: CARW:ZZBE,13,1,0,1,1,13805,0,0,0,0,0
SEND: Mvgu:ZZBE,14,1,0,1,1,14872,0,0,0,0,0
SEND: 2JtE:ZZBE,15,1,0,1,1,15939,0,0,0,0,0
SEND: Knw9:ZZBE,16,1,0,1,1,17006,0,0,0,0,0
SEND: EuMn:ZZBE,17,1,0,1,1,18073,0,0,0,0,0
SEND: fQBy:ZZBE,18,1,0,1,1,19140,0,0,0,0,0
SEND: K9Ll:ZZBE,19,1,0,1,1,20207,0,0,0,0,0
SEND: JhFI:ZZBE,20,1,0,1,1,21274,0,0,0,0,0
SEND: w7GK:ZZBE,21,1,0,1,1,22341,0,0,0,0,0
SEND: kHX7:ZZBE,22,1,0,1,1,23408,0,0,0,0,0
SEND: cLUQ:ZZBE,23,1,0,1,1,24475,0,0,0,0,0
SEND: hmqA:ZZBE,24,1,0,1,1,25542,0,0,0,0,0
SEND: PIWE:ZZBE,25,1,0,1,1,26609,0,0,0,0,0
SEND: 3Rit:ZZBE,26,1,0,1,1,27676,0,0,0,0,0
SEND: oSDT:ZZBE,27,1,0,1,1,28743,0,0,0,0,0
SEND: R51j:ZZBE,28,1,0,1,1,29810,0,0,0,0,0
SEND: L6no:ZZBE,29,1,0,1,1,30877,0,0,0,0,0
SEND: HAnL:ZZBE,30,1,0,1,1,31944,0,0,0,0,0
SEND: tijP:ZZBE,31,1,0,1,1,33011,0,0,0,0,0
SEND: usOT:ZZBE,32,1,0,1,1,34078,0,0,0,0,0
SEND: blmK:ZZBE,33,1,0,1,1,35145,0,0,0,0,0
SEND: AuJ4:ZZBE,34,1,0,1,1,36212,0,0,0,0,0
SEND: Xhy6:ZZBE,35,1,0,1,1,37279,0,0,0,0,0
SEND: qJ8E:ZZBE,36,1,0,1,1,38346,0,0,0,0,0
SEND: ZJ9k:ZZBE,37,1,0,1,1,39413,0,0,0,0,0
SEND: AyTA:ZZBE,38,1,0,1,1,40480,0,0,0,0,0
SEND: QDit:ZZBE,39,1,0,1,1,41547,0,0,0,0,0
SEND: Wic3:ZZBE,40,1,0,1,1,42614,0,0,0,0,0
SEND: kxCd:ZZBE,41,1,0,1,1,43681,0,0,0,0,0
SEND: Il8S:ZZBE,42,1,0,1,1,44748,0,0,0,0,0
SEND: DrXV:ZZBE,43,1,0,1,1,45815,0,0,0,0,0
SEND: nu12:ZZBE,44,1,0,1,1,46882,0,0,0,0,0
SEND: b9qL:ZZBE,45,1,0,1,1,47949,0,0,0,0,0
SEND: 5L8E:ZZBE,46,1,0,1,1,49016,0,0,0,0,0
SEND: UHqb:ZZBE,47,1,0,1,1,50083,0,0,0,0,0
SEND: xrAf:ZZBE,48,1,0,1,1,51150,0,0,0,0,0
SEND: 3rP3:ZZBE,49,1,0,1,1,52217,0,0,0,0,0
SEND: SKEd:ZZBE,50,1,0,1,1,53284,0,0,0,0,0
SEND: zzYY:ZZBE,51,1,0,1,1,54351,0,0,0,0,0
SEND: vBun:ZZBE,52,1,0,1,1,55418,0,0,0,0,0
SEND: bydT:ZZBE,53,1,0,1,1,56485,0,0,0,0,0
SEND: OQte:ZZBE,54,1,0,1,1,57552,0,0,0,0,0
SEND: UIZ1:ZZBE,55,1,0,1,1,58619,0,0,0,0,0
SEND: 0i9d:ZZBE,56,1,0,1,1,59686,0,0,0,0,0
SEND: Ebkb:ZZBE,57,1,0,1,1,60753,0,0,0,0,0
SEND: 3w5x:ZZBE,58,1,0,1,1,61820,0,0,0,0,0
SEND: 42ex:ZZBE,59,1,0,1,1,62887,0,0,0,0,0
SEND: 6RSQ:ZZBE,60,1,0,1,1,63954,0,0,0,0,0
SEND: C7Sv:ZZBE,61,1,0,1,1,65021,0,0,0,0,0
SEND: fglj:ZZBE,62,1,0,1,1,66088,0,0,0,0,0
SEND: 2Wra:ZZBE,63,1,0,1,1,67155,0,0,0,0,0
SEND: 3BAz:ZZBE,64,1,0,1,1,68222,0,0,0,0,0
SEND: S93K:ZZBE,65,1,0,1,1,69289,0,0,0,0,0
SEND: 4iOu:ZZBE,66,1,0,1,1,70356,0,0,0,0,0
SEND: R0Co:ZZBE,67,1,0,1,1,71423,0,0,0,0,0
SEND: rTHi:ZZBE,68,1,0,1,1,72490,0,0,0,0,0
SEND: jaz1:ZZBE,69,1,0,1,1,73557,0,0,0,0,0
SEND: 70Z4:ZZBE,70,1,0,1,1,74624,0,0,0,0,0
SEND: ZMCa:ZZBE,71,1,0,1,1,75691,0,0,0,0,0
SEND: vtNZ:ZZBE,72,1,0,1,1,76758,0,0,0,0,0
SEND: waKm:ZZBE,73,1,0,1,1,77825,0,0,0,0,0
SEND: IgPf:ZZBE,74,1,0,1,1,78892,0,0,0,0,0
SEND: s74t:ZZBE,75,1,0,1,1,79959,0,0,0,0,0
SEND: Z7dW:ZZBE,76,1,0,1,1,81026,0,0,0,0,0
SEND: BBHl:ZZBE,77,1,0,1,1,82093,0,0,0,0,0
SEND: Y23n:ZZBE,78,1,0,1,1,83160,0,0,0,0,0
SEND: 8hhU:ZZBE,79,1,0,1,1,84227,0,0,0,0,0
SEND: dKDx:ZZBE,80,1,0,1,1,85294,0,0,0,0,0
SEND: Q0gf:ZZBE,81,1,0,1,1,86361,0,0,0,0,0
SEND: 4WzV:ZZBE,82,1,0,1,1,87428,0,0,0,0,0
SEND: E0p4:ZZBE,83,1,0,1,1,88495,0,0,0,0,0
SEND: fugM:ZZBE,84,1,0,1,1,89562,0,0,0,0,0
SEND: KCFo:ZZBE,85,1,0,1,1,90629,0,0,0,0,0
SEND: I0Jc:ZZBE,86,1,0,1,1,91696,0,0,0,0,0
SEND: fF57:ZZBE,87,1,0,1,1,92763,0,0,0,0,0
SEND: S0Uf:ZZBE,88,1,0,1,1,93830,0,0,0,0,0
SEND: 9y8a:ZZBE,89,1,0,1,1,94897,0,0,0,0,0
