SEND: mJaZ:ZZBF,1,1,0,1,1,1000,0,0,0,0,0
SEND: OIuO:ZZBF,2,1,0,1,1,2068,0,0,0,0,0
SEND: LW6v:ZZBF,3,1,0,1,1,3135,0,0,0,0,0
SEND: mJUa:ZZBF,4,1,0,1,1,4202,0,0,0,0,0
SEND: pwkp:ZZBF,5,1,0,1,1,5269,0,0,0,0,0
SEND: g7Mj:ZZBF,6,1,0,1,1,6336,0,0,0,0,0
SEND: bKHG:ZZBF,7,1,0,1,1,7403,0,0,0,0,0
SEND: 9H5n:ZZBF,8,1,0,1,1,8470,0,0,0,0,0
SEND: FkLk:ZZBF,9,1,0,1,1,9537,0,0,0,0,0
SEND: 669e:ZZBF,10,1,0,1,1,10604,0,0,0,0,0
SEND: UMbL:ZZBF,11,1,0,1,1,11671,0,0,0,0,0
SEND: WnPz:ZZBF,12,1,0,1,1,12738,0,0,0,0,0
SEND: hSXe:ZZBF,13,1,0,1,1,13805,0,0,0,0,0
SEND: Bsxo:ZZBF,14,1,0,1,1,14872,0,0,0,0,0
SEND: ToSs:ZZBF,15,1,0,1,1,15939,0,0,0,0,0
SEND: NXMI:ZZBF,16,1,0,1,1,17006,0,0,0,0,0
SEND: NVw9:ZZBF,17,1,0,1,1,18073,0,0,0,0,0
SEND: WDlH:ZZBF,18,1,0,1,1,19140,0,0,0,0,0
SEND: n68V:ZZBF,19,1,0,1,1,20207,0,0,0,0,0
SEND: SrRv:ZZBF,20,1,0,1,1,21274,0,0,0,0,0
SEND: rv9P:ZZBF,21,1,0,1,1,22341,0,0,0,0,0
SEND: ZEHX:ZZBF,22,1,0,1,1,23408,0,0,0,0,0
SEND: XrmS:ZZBF,23,1,0,1,1,24475,0,0,0,0,0
SEND: Ex07:ZZBF,24,1,0,1,1,25542,0,0,0,0,0
SEND: qZ2X:ZZBF,25,1,0,1,1,26609,0,0,0,0,0
SEND: wN9n:ZZBF,26,1,0,1,1,27676,0,0,0,0,0
SEND: zQwp:ZZBF,27,1,0,1,1,28743,0,0,0,0,0
SEND: sezB:ZZBF,28,1,0,1,1,29810,0,0,0,0,0
SEND: 0qW1:ZZBF,29,1,0,1,1,30877,0,0,0,0,0
SEND: Kps5:ZZBF,30,1,0,1,1,31944,0,0,0,0,0
SEND: KASE:ZZBF,31,1,0,1,1,33011,0,0,0,0,0
SEND: DfPy:ZZBF,32,1,0,1,1,34078,0,0,0,0,0
SEND: 4zN7:ZZBF,33,1,0,1,1,35145,0,0,0,0,0
SEND: 9RcQ:ZZBF,34,1,0,1,1,36212,0,0,0,0,0
SEND: CmeM:ZZBF,35,1,0,1,1,37279,0,0,0,0,0
SEND: hnWR:ZZBF,36,1,0,1,1,38346,0,0,0,0,0
SEND: efnT:ZZBF,37,1,0,1,1,39413,0,0,0,0,0
SEND: xtIb:ZZBF,38,1,0,1,1,40480,0,0,0,0,0
SEND: lqFo:ZZBF,39,1,0,1,1,41547,0,0,0,0,0
SEND: FYDy:ZZBF,40,1,0,1,1,42614,0,0,0,0,0
SEND: JQln:ZZBF,41,1,0,1,1,43681,0,0,0,0,0
SEND: Pz3l:ZZBF,42,1,0,1,1,44748,0,0,0,0,0
SEND: kHEf:ZZBF,43,1,0,1,1,45815,0,0,0,0,0
SEND: ISby:ZZBF,44,1,0,1,1,46882,0,0,0,0,0
SEND: 2ShC:ZZBF,45,1,0,1,1,47949,0,0,0,0,0
SEND: 2nA0:ZZBF,46,1,0,1,1,49016,0,0,0,0,0
SEND: j1S9:ZZBF,47,1,0,1,1,50083,0,0,0,0,0
SEND: cExC:ZZBF,48,1,0,1,1,51150,0,0,0,0,0
SEND: k7Vb:ZZBF,49,1,0,1,1,52217,0,0,0,0,0
SEND: 5gny:ZZBF,50,1,0,1,1,53284,0,0,0,0,0
SEND: ErlZ:ZZBF,51,1,0,1,1,54351,0,0,0,0,0
SEND: aMTO:ZZBF,52,1,0,1,1,55418,0,0,0,0,0
SEND: GbvC:ZZBF,53,1,0,1,1,56485,0,0,0,0,0
SEND: 5Yez:ZZBF,54,1,0,1,1,57552,0,0,0,0,0
SEND: VVCY:ZZBF,55,1,0,1,1,58619,0,0,0,0,0
SEND: nonJ:ZZBF,56,1,0,1,1,59686,0,0,0,0,0
SEND: LH2h:ZZBF,57,1,0,1,1,60753,0,0,0,0,0
SEND: 04TP:ZZBF,58,1,0,1,1,61820,0,0,0,0,0
SEND: vQ7u:ZZBF,59,1,0,1,1,62887,0,0,0,0,0
SEND: n02F:ZZBF,60,1,0,1,1,63954,0,0,0,0,0
SEND: lD5y:ZZBF,61,1,0,1,1,65021,0,0,0,0,0
SEND: qb1m:ZZBF,62,1,0,1,1,66088,0,0,0,0,0
SEND: hga6:ZZBF,63,1,0,1,1,67155,0,0,0,0,0
SEND: Okgn:ZZBF,64,1,0,1,1,68222,0,0,0,0,0
SEND: dT9W:ZZBF,65,1,0,1,1,69289,0,0,0,0,0
SEND: 5Zsa:ZZBF,66,1,0,1,1,70356,0,0,0,0,0
SEND: SkmD:ZZBF,67,1,0,1,1,71423,0,0,0,0,0
SEND: 8Nlg:ZZBF,68,1,0,1,1,72490,0,0,0,0,0
SEND: QWAK:ZZBF,69,1,0,1,1,73557,0,0,0,0,0
SEND: Kn2a:ZZBF,70,1,0,1,1,74624,0,0,0,0,0
SEND: 0LtI:ZZBF,71,1,0,1,1,75691,0,0,0,0,0
SEND: MHQB:ZZBF,72,1,0,1,1,76758,0,0,0,0,0
SEND: RXW4:ZZBF,73,1,0,1,1,77825,0,0,0,0,0
SEND: 1jAJ:ZZBF,74,1,0,1,1,78892,0,0,0,0,0
SEND: DTFt:ZZBF,75,1,0,1,1,79959,0,0,0,0,0
SEND: u36M:ZZBF,76,1,0,1,1,81026,0,0,0,0,0
SEND: CvBy:ZZBF,77,1,0,1,1,82093,0,0,0,0,0
SEND: X8XX:ZZBF,78,1,0,1,1,83160,0,0,0,0,0
SEND: VYAB:ZZBF,79,1,0,1,1,84227,0,0,0,0,0
SEND: 60SN:ZZBF,80,1,0,1,1,85294,0,0,0,0,0
SEND: riw7:ZZBF,81,1,0,1,1,86361,0,0,0,0,0
SEND: fCXD:ZZBF,82,1,0,1,1,87428,0,0,0,0,0
SEND: ZBJD:ZZBF,83,1,0,1,1,88495,0,0,0,0,0
SEND: 0cSo:ZZBF,84,1,0,1,1,89562,0,0,0,0,0
SEND: ZswC:ZZBF,85,1,0,1,1,90629,0,0,0,0,0
SEND: rihN:ZZBF,86,1,0,1,1,91696,0,0,0,0,0
SEND: gNP4:ZZBF,87,1,0,1,1,92763,0,0,0,0,0
SEND: 3VPO:ZZBF,88,1,0,1,1,93830,0,0,0,0,0
SEND: e6LF:ZZBF,89,1,0,1,1,94897,0,0,0,0,0
SEND: Cor0:ZZBF,90,1,0,1,1,95964,0,0,0,0,0
SEND: qjtw:ZZBF,91,1,0,1,1,97031,0,0,0,0,0
SEND: rYp0:ZZBF,92,1,0,1,1,98098,0,0,0,0,0
SEND: 8K2i:ZZBF,93,1,0,1,1,99165,0,0,0,0,0
SEND: 13GC:ZZBF,94,1,0,1,1,100232,0,0,0,0,0
SEND: Q72P:ZZBF,95,1,0,1,1,101305,0,0,0,0,0
