SEND: FbkC:ZZBG,3,1,0,1,1,3068,0,0,0,0,0
SEND: 0FsM:ZZBG,4,1,0,1,1,4102,0,0,0,0,0
SEND: JW8K:ZZBG,5,1,0,1,1,5136,0,0,0,0,0
SEND: RjrU:ZZBG,6,1,0,1,1,6170,0,0,0,0,0
SEND: VTQW:ZZBG,7,1,0,1,1,7204,0,0,0,0,0
SEND: y9l4:ZZBG,8,1,0,1,1,8238,0,0,0,0,0
SEND: CSWl:ZZBG,9,1,0,1,1,9272,0,0,0,0,0
SEND: Mo03:ZZBG,10,1,0,1,1,10306,0,0,0,0,0
SEND: YRyu:ZZBG,11,1,0,1,1,11340,0,0,0,0,0
SEND: 52dR:ZZBG,12,1,0,1,1,12374,0,0,0,0,0
SEND: nx5v:ZZBG,13,1,0,1,1,13408,0,0,0,0,0
SEND: vU00:ZZBG,14,1,0,1,1,14442,0,0,0,0,0
SEND: OFk3:ZZBG,15,1,0,1,1,15476,0,0,0,0,0
SEND: fpld:ZZBG,16,1,0,1,1,16510,0,0,0,0,0
SEND: sCwP:ZZBG,17,1,0,1,1,17544,0,0,0,0,0
SEND: rQp6:ZZBG,18,1,0,1,1,18578,0,0,0,0,0
SEND: unET:ZZBG,19,1,0,1,1,19612,0,0,0,0,0
SEND: zVa8:ZZBG,20,1,0,1,1,20646,0,0,0,0,0
SEND: 9n6E:ZZBG,21,1,0,1,1,21680,0,0,0,0,0
SEND: 1b5e:ZZBG,22,1,0,1,1,22714,0,0,0,0,0
SEND: mQU7:ZZBG,23,1,0,1,1,23748,0,0,0,0,0
SEND: c6OT:ZZBG,24,1,0,1,1,24782,0,0,0,0,0
SEND: QjdO:ZZBG,25,1,0,1,1,25816,0,0,0,0,0
SEND: WD12:ZZBG,26,1,0,1,1,26850,0,0,0,0,0
SEND: rF2J:ZZBG,27,1,0,1,1,27884,0,0,0,0,0
SEND: N8Xu:ZZBG,28,1,0,1,1,28918,0,0,0,0,0
SEND: 3at2:ZZBG,29,1,0,1,1,29952,0,0,0,0,0
SEND: YRcp:ZZBG,30,1,0,1,1,30986,0,0,0,0,0
SEND: E0xW:ZZBG,31,1,0,1,1,32020,0,0,0,0,0
SEND: PPef:ZZBG,32,1,0,1,1,33054,0,0,0,0,0
SEND: cxuN:ZZBG,33,1,0,1,1,34088,0,0,0,0,0
SEND: n7ti:ZZBG,34,1,0,1,1,35122,0,0,0,0,0
SEND: gqAW:ZZBG,35,1,0,1,1,36156,0,0,0,0,0
SEND: 480m:ZZBG,36,1,0,1,1,37190,0,0,0,0,0
SEND: mosy:ZZBG,37,1,0,1,1,38224,0,0,0,0,0
SEND: ZzFD:ZZBG,38,1,0,1,1,39258,0,0,0,0,0
SEND: aGF4:ZZBG,39,1,0,1,1,40292,0,0,0,0,0
SEND: LgtJ:ZZBG,40,1,0,1,1,41326,0,0,0,0,0
SEND: HKZ9:ZZBG,41,1,0,1,1,42360,0,0,0,0,0
SEND: 8HwK:ZZBG,42,1,0,1,1,43394,0,0,0,0,0
SEND: KH1V:ZZBG,43,1,0,1,1,44428,0,0,0,0,0
SEND: UATe:ZZBG,44,1,0,1,1,45462,0,0,0,0,0
SEND: 14ZD:ZZBG,45,1,0,1,1,46496,0,0,0,0,0
SEND: kPDm:ZZBG,46,1,0,1,1,47530,0,0,0,0,0
SEND: vZ4I:ZZBG,47,1,0,1,1,48564,0,0,0,0,0
SEND: GfB1:ZZBG,48,1,0,1,1,49598,0,0,0,0,0
SEND: A54B:ZZBG,49,1,0,1,1,50632,0,0,0,0,0
SEND: YbHN:ZZBG,50,1,0,1,1,51666,0,0,0,0,0
SEND: PbV5:ZZBG,51,1,0,1,1,52700,0,0,0,0,0
SEND: Mkvb:ZZBG,52,1,0,1,1,53734,0,0,0,0,0
SEND: 5j7V:ZZBG,53,1,0,1,1,54768,0,0,0,0,0
SEND: gHX4:ZZBG,54,1,0,1,1,55802,0,0,0,0,0
SEND: VbSf:ZZBG,55,1,0,1,1,56836,0,0,0,0,0
SEND: XYaR:ZZBG,56,1,0,1,1,57870,0,0,0,0,0
SEND: Nffq:ZZBG,57,1,0,1,1,58904,0,0,0,0,0
SEND: e0k4:ZZBG,58,1,0,1,1,59938,0,0,0,0,0
SEND: VnSZ:ZZBG,59,1,0,1,1,60972,0,0,0,0,0
SEND: rPhO:ZZBG,60,1,0,1,1,62006,0,0,0,0,0
