SEND: Rskz:ZZBI,2,1,0,1,1,2134,0,0,0,0,0
SEND: 5ZhE:ZZBI,3,1,0,1,1,3268,0,0,0,0,0
SEND: lUWR:ZZBI,4,1,0,1,1,4402,0,0,0,0,0
SEND: XQQw:ZZBI,5,1,0,1,1,5536,0,0,0,0,0
SEND: UBhk:ZZBI,6,1,0,1,1,6670,0,0,0,0,0
SEND: r0hW:ZZBI,7,1,0,1,1,7804,0,0,0,0,0
SEND: z5m6:ZZBI,8,1,0,1,1,8938,0,0,0,0,0
SEND: oXv4:ZZBI,9,1,0,1,1,10072,0,0,0,0,0
SEND: amyc:ZZBI,10,1,0,1,1,11206,0,0,0,0,0
SEND: Zlxg:ZZBI,11,1,0,1,1,12340,0,0,0,0,0
SEND: HP48:ZZBI,12,1,0,1,1,13474,0,0,0,0,0
SEND: Qh8R:ZZBI,13,1,0,1,1,14608,0,0,0,0,0
SEND: 9JFg:ZZBI,14,1,0,1,1,15742,0,0,0,0,0
SEND: PNYv:ZZBI,15,1,0,1,1,16876,0,0,0,0,0
SEND: KdKw:ZZBI,16,1,0,1,1,18010,0,0,0,0,0
SEND: c2Nc:ZZBI,17,1,0,1,1,19144,0,0,0,0,0
SEND: pIDZ:ZZBI,18,1,0,1,1,20278,0,0,0,0,0
SEND: xvF5:ZZBI,19,1,0,1,1,21412,0,0,0,0,0
SEND: 4dPI:ZZBI,20,1,0,1,1,22546,0,0,0,0,0
SEND: XKMi:ZZBI,21,1,0,1,1,23680,0,0,0,0,0
SEND: yzdb:ZZBI,22,1,0,1,1,24814,0,0,0,0,0
SEND: mhvC:ZZBI,23,1,0,1,1,25948,0,0,0,0,0
SEND: 8z6a:ZZBI,24,1,0,1,1,27082,0,0,0,0,0
SEND: ltAk:ZZBI,25,1,0,1,1,28216,0,0,0,0,0
SEND: oNDV:ZZBI,26,1,0,1,1,29350,0,0,0,0,0
SEND: p68s:ZZBI,27,1,0,1,1,30484,0,0,0,0,0
SEND: Y44m:ZZBI,28,1,0,1,1,31618,0,0,0,0,0
SEND: zJ0c:ZZBI,29,1,0,1,1,32752,0,0,0,0,0
SEND: cruj:ZZBI,30,1,0,1,1,33886,0,0,0,0,0
SEND: 37a5:ZZBI,31,1,0,1,1,35020,0,0,0,0,0
SEND: tfcx:ZZBI,32,1,0,1,1,36154,0,0,0,0,0
SEND: t0ec:ZZBI,33,1,0,1,1,37288,0,0,0,0,0
SEND: jkO7:ZZBI,34,1,0,1,1,38422,0,0,0,0,0
SEND: Jyyl:ZZBI,35,1,0,1,1,39556,0,0,0,0,0
SEND: V4nA:ZZBI,36,1,0,1,1,40690,0,0,0,0,0
SEND: M4RO:ZZBI,37,1,0,1,1,41824,0,0,0,0,0
SEND: UJne:ZZBI,38,1,0,1,1,42958,0,0,0,0,0
SEND: 2CX8:ZZBI,39,1,0,1,1,44092,0,0,0,0,0
SEND: q5qh:ZZBI,40,1,0,1,1,45226,0,0,0,0,0
SEND: zDND:ZZBI,41,1,0,1,1,46360,0,0,0,0,0
SEND: nyNL:ZZBI,42,1,0,1,1,47494,0,0,0,0,0
SEND: yFZw:ZZBI,43,1,0,1,1,48628,0,0,0,0,0
SEND: n7Pp:ZZBI,44,1,0,1,1,49762,0,0,0,0,0
SEND: c0Ri:ZZBI,45,1,0,1,1,50896,0,0,0,0,0
SEND: RgOD:ZZBI,46,1,0,1,1,52030,0,0,0,0,0
SEND: dyBT:ZZBI,47,1,0,1,1,53164,0,0,0,0,0
SEND: Fqeu:ZZBI,48,1,0,1,1,54298,0,0,0,0,0
SEND: 30G4:ZZBI,49,1,0,1,1,55432,0,0,0,0,0
SEND: IyCw:ZZBI,50,1,0,1,1,56566,0,0,0,0,0
SEND: ID73:ZZBI,51,1,0,1,1,57700,0,0,0,0,0
SEND: yyEz:ZZBI,52,1,0,1,1,58834,0,0,0,0,0
SEND: ek62:ZZBI,53,1,0,1,1,59968,0,0,0,0,0
SEND: 2Sax:ZZBI,54,1,0,1,1,61102,0,0,0,0,0
SEND: YOcp:ZZBI,55,1,0,1,1,62236,0,0,0,0,0
SEND: xc6c:ZZBI,56,1,0,1,1,63370,0,0,0,0,0
SEND: G2Le:ZZBI,57,1,0,1,1,64504,0,0,0,0,0
SEND: 4Qjz:ZZBI,58,1,0,1,1,65638,0,0,0,0,0
SEND: ha8Y:ZZBI,59,1,0,1,1,66772,0,0,0,0,0
SEND: 3g0J:ZZBI,60,1,0,1,1,67906,0,0,0,0,0
SEND: FhqG:ZZBI,61,1,0,1,1,69040,0,0,0,0,0
SEND: 8X2D:ZZBI,62,1,0,1,1,70174,0,0,0,0,0
SEND: VDoC:ZZBI,63,1,0,1,1,71308,0,0,0,0,0
SEND: Aj09:ZZBI,64,1,0,1,1,72442,0,0,0,0,0
SEND: el3o:ZZBI,65,1,0,1,1,73576,0,0,0,0,0
SEND: KiLW:ZZBI,66,1,0,1,1,74710,0,0,0,0,0
SEND: 0Cb1:ZZBI,67,1,0,1,1,75844,0,0,0,0,0
SEND: uGCT:ZZBI,68,1,0,1,1,76978,0,0,0,0,0
SEND: dwrf:ZZBI,69,1,0,1,1,78112,0,0,0,0,0
SEND: aCZt:ZZBI,70,1,0,1,1,79246,0,0,0,0,0
SEND: OOSc:ZZBI,71,1,0,1,1,80380,0,0,0,0,0
SEND: Hqs5:ZZBI,72,1,0,1,1,81514,0,0,0,0,0
SEND: ZrU2:ZZBI,73,1,0,1,1,82648,0,0,0,0,0
SEND: YrUQ:ZZBI,74,1,0,1,1,83782,0,0,0,0,0
SEND: 1tf8:ZZBI,75,1,0,1,1,84916,0,0,0,0,0
SEND: JKU5:ZZBI,76,1,0,1,1,86050,0,0,0,0,0
SEND: dk3A:ZZBI,77,1,0,1,1,87184,0,0,0,0,0
SEND: QBlf:ZZBI,78,1,0,1,1,88318,0,0,0,0,0
SEND: TeZi:ZZBI,79,1,0,1,1,89452,0,0,0,0,0
SEND: dAxs:ZZBI,80,1,0,1,1,90586,0,0,0,0,0
SEND: d3U8:ZZBI,81,1,0,1,1,91720,0,0,0,0,0
SEND: vYpM:ZZBI,82,1,0,1,1,92854,0,0,0,0,0
SEND: L6cD:ZZBI,83,1,0,1,1,93988,0,0,0,0,0
SEND: uua7:ZZBI,84,1,0,1,1,95122,0,0,0,0,0
