SEND: bTR8:ZZBJ,7,1,0,1,1,8608,0,0,0,0,0
SEND: EuTM:ZZBJ,8,1,0,1,1,9876,0,0,0,0,0
SEND: W5my:ZZBJ,9,1,0,1,1,11144,0,0,0,0,0
SEND: VgbQ:ZZBJ,10,1,0,1,1,12412,0,0,0,0,0
SEND: G3U9:ZZBJ,11,1,0,1,1,13680,0,0,0,0,0
SEND: JrRh:ZZBJ,12,1,0,1,1,14948,0,0,0,0,0
SEND: SJbf:ZZBJ,13,1,0,1,1,16216,0,0,0,0,0
SEND: hPyR:ZZBJ,14,1,0,1,1,17484,0,0,0,0,0
SEND: Xnmn:ZZBJ,15,1,0,1,1,18752,0,0,0,0,0
SEND: VnfQ:ZZBJ,16,1,0,1,1,20020,0,0,0,0,0
SEND: RL69:ZZBJ,17,1,0,1,1,21288,0,0,0,0,0
SEND: buaD:ZZBJ,18,1,0,1,1,22556,0,0,0,0,0
SEND: djWz:ZZBJ,19,1,0,1,1,23824,0,0,0,0,0
SEND: cTOD:ZZBJ,20,1,0,1,1,25092,0,0,0,0,0
SEND: WebN:ZZBJ,21,1,0,1,1,26360,0,0,0,0,0
SEND: 54tl:ZZBJ,22,1,0,1,1,27628,0,0,0,0,0
SEND: i1NF:ZZBJ,23,1,0,1,1,28896,0,0,0,0,0
SEND: YH4I:ZZBJ,24,1,0,1,1,30164,0,0,0,0,0
SEND: ShlD:ZZBJ,25,1,0,1,1,31432,0,0,0,0,0
SEND: 4TJD:ZZBJ,26,1,0,1,1,32700,0,0,0,0,0
SEND: 0Fv7:ZZBJ,27,1,0,1,1,33968,0,0,0,0,0
SEND: 59Qn:ZZBJ,28,1,0,1,1,35236,0,0,0,0,0
SEND: 7KNu:ZZBJ,29,1,0,1,1,36504,0,0,0,0,0
SEND: Z8QD:ZZBJ,30,1,0,1,1,37772,0,0,0,0,0
SEND: i78n:ZZBJ,31,1,0,1,1,39040,0,0,0,0,0
SEND: wT1j:ZZBJ,32,1,0,1,1,40308,0,0,0,0,0
SEND: fjeI:ZZBJ,33,1,0,1,1,41576,0,0,0,0,0
SEND: LreF:ZZBJ,34,1,0,1,1,42844,0,0,0,0,0
SEND: iTyt:ZZBJ,35,1,0,1,1,44112,0,0,0,0,0
SEND: lx3G:ZZBJ,36,1,0,1,1,45380,0,0,0,0,0
SEND: qxHx:ZZBJ,37,1,0,1,1,46648,0,0,0,0,0
SEND: ILi6:ZZBJ,38,1,0,1,1,47916,0,0,0,0,0
SEND: Md5a:ZZBJ,39,1,0,1,1,49184,0,0,0,0,0
SEND: EDCq:ZZBJ,40,1,0,1,1,50452,0,0,0,0,0
SEND: Gz8W:ZZBJ,41,1,0,1,1,51720,0,0,0,0,0
SEND: IC28:ZZBJ,42,1,0,1,1,52988,0,0,0,0,0
SEND: j2Qt:ZZBJ,43,1,0,1,1,54256,0,0,0,0,0
SEND: t1s9:ZZBJ,44,1,0,1,1,55524,0,0,0,0,0
SEND: 497K:ZZBJ,45,1,0,1,1,56792,0,0,0,0,0
SEND: 3BA8:ZZBJ,46,1,0,1,1,58060,0,0,0,0,0
SEND: mIYF:ZZBJ,47,1,0,1,1,59328,0,0,0,0,0
SEND: IIJ1:ZZBJ,48,1,0,1,1,60596,0,0,0,0,0
SEND: EUC0:ZZBJ,49,1,0,1,1,61864,0,0,0,0,0
SEND: SXCT:ZZBJ,50,1,0,1,1,63132,0,0,0,0,0
SEND: wnGj:ZZBJ,51,1,0,1,1,64400,0,0,0,0,0
SEND: K9uv:ZZBJ,52,1,0,1,1,65668,0,0,0,0,0
SEND: QtUW:ZZBJ,53,1,0,1,1,66936,0,0,0,0,0
SEND: fXKn:ZZBJ,54,1,0,1,1,68204,0,0,0,0,0
SEND: cnw2:ZZBJ,55,1,0,1,1,69472,0,0,0,0,0
SEND: nwso:ZZBJ,56,1,0,1,1,70740,0,0,0,0,0
SEND: D4SN:ZZBJ,57,1,0,1,1,72008,0,0,0,0,0
SEND: K6mY:ZZBJ,58,1,0,1,1,73276,0,0,0,0,0
SEND: 8xzt:ZZBJ,59,1,0,1,1,74544,0,0,0,0,0
SEND: jS0t:ZZBJ,60,1,0,1,1,75812,0,0,0,0,0
SEND: 7cKH:ZZBJ,61,1,0,1,1,77080,0,0,0,0,0
SEND: a3yF:ZZBJ,62,1,0,1,1,78348,0,0,0,0,0
SEND: K4Nk:ZZBJ,63,1,0,1,1,79616,0,0,0,0,0
SEND: 0HbD:ZZBJ,64,1,0,1,1,80884,0,0,0,0,0
SEND: Hsve:ZZBJ,65,1,0,1,1,82152,0,0,0,0,0
SEND: h03Q:ZZBJ,66,1,0,1,1,83420,0,0,0,0,0
SEND: f0pL:ZZBJ,67,1,0,1,1,84688,0,0,0,0,0
SEND: nBrC:ZZBJ,68,1,0,1,1,85956,0,0,0,0,0
SEND: kKfO:ZZBJ,69,1,0,1,1,87224,0,0,0,0,0
SEND: qBq4:ZZBJ,70,1,0,1,1,88492,0,0,0,0,0
SEND: OWoN:ZZBJ,71,1,0,1,1,89760,0,0,0,0,0
SEND: nOzT:ZZBJ,72,1,0,1,1,91028,0,0,0,0,0
SEND: U55w:ZZBJ,73,1,0,1,1,92296,0,0,0,0,0
SEND: Cujd:ZZBJ,74,1,0,1,1,93564,0,0,0,0,0
SEND: Anku:ZZBJ,75,1,0,1,1,94832,0,0,0,0,0
SEND: Jvow:ZZBJ,76,1,0,1,1,96100,0,0,0,0,0
SEND: PoWl:ZZBJ,77,1,0,1,1,97368,0,0,0,0,0
SEND: DBwY:ZZBJ,78,1,0,1,1,98636,0,0,0,0,0
SEND: lLh5:ZZBJ,79,1,0,1,1,99904,0,0,0,0,0
SEND: Qexk:ZZBJ,80,1,0,1,1,101172,0,0,0,0,0
SEND: kcjU:ZZBJ,81,1,0,1,1,102460,0,0,0,0,0
SEND: t7bn:ZZBJ,82,1,0,1,1,103748,0,0,0,0,0
SEND: wzan:ZZBJ,83,1,0,1,1,105036,0,0,0,0,0
SEND: uUCB:ZZBJ,84,1,0,1,1,106324,0,0,0,0,0
