SEND: XFu4:ZZBK,1,1,0,1,1,1000,0,0,0,0,0
SEND: XrqB:ZZBK,2,1,0,1,1,2037,0,0,0,0,0
SEND: IzjO:ZZBK,3,1,0,1,1,3074,0,0,0,0,0
SEND: 8qfS:ZZBK,4,1,0,1,1,4111,0,0,0,0,0
SEND: CDdO:ZZBK,5,1,0,1,1,5148,0,0,0,0,0
SEND: zdbh:ZZBK,6,1,0,1,1,6185,0,0,0,0,0
SEND: Lay8:ZZBK,7,1,0,1,1,7222,0,0,0,0,0
SEND: HSIW:ZZBK,8,1,0,1,1,8259,0,0,0,0,0
SEND: O1bk:ZZBK,9,1,0,1,1,9296,0,0,0,0,0
SEND: C05P:ZZBK,10,1,0,1,1,10333,0,0,0,0,0
SEND: Z9FP:ZZBK,11,1,0,1,1,11372,0,0,0,0,0
SEND: ZuLh:ZZBK,12,1,0,1,1,12411,0,0,0,0,0
SEND: uL8a:ZZBK,13,1,0,1,1,13450,0,0,0,0,0
SEND: WR7z:ZZBK,14,1,0,1,1,14489,0,0,0,0,0
SEND: IbQn:ZZBK,15,1,0,1,1,15528,0,0,0,0,0
SEND: DdUt:ZZBK,16,1,0,1,1,16567,0,0,0,0,0
SEND: fziw:ZZBK,17,1,0,1,1,17606,0,0,0,0,0
SEND: gfte:ZZBK,18,1,0,1,1,18645,0,0,0,0,0
SEND: 9lzq:ZZBK,19,1,0,1,1,19684,0,0,0,0,0
SEND: zqAp:ZZBK,20,1,0,1,1,20723,0,0,0,0,0
SEND: uclL:ZZBK,21,1,0,1,1,21762,0,0,0,0,0
SEND: QETL:ZZBK,22,1,0,1,1,22801,0,0,0,0,0
SEND: LHlA:ZZBK,23,1,0,1,1,23840,0,0,0,0,0
SEND: bs7T:ZZBK,24,1,0,1,1,24879,0,0,0,0,0
SEND: 7nUF:ZZBK,25,1,0,1,1,25918,0,0,0,0,0
SEND: cbLL:ZZBK,26,1,0,1,1,26957,0,0,0,0,0
SEND: h7xQ:ZZBK,27,1,0,1,1,27996,0,0,0,0,0
SEND: aSqQ:ZZBK,28,1,0,1,1,29035,0,0,0,0,0
SEND: Cm8G:ZZBK,29,1,0,1,1,30074,0,0,0,0,0
SEND: Bzf9:ZZBK,30,1,0,1,1,31113,0,0,0,0,0
SEND: 6t8b:ZZBK,31,1,0,1,1,32152,0,0,0,0,0
SEND: jDti:ZZBK,32,1,0,1,1,33191,0,0,0,0,0
SEND: X2qv:ZZBK,33,1,0,1,1,34230,0,0,0,0,0
SEND: fHlo:ZZBK,34,1,0,1,1,35269,0,0,0,0,0
SEND: 5ctz:ZZBK,35,1,0,1,1,36308,0,0,0,0,0
SEND: Akxm:ZZBK,36,1,0,1,1,37347,0,0,0,0,0
SEND: 9vYB:ZZBK,37,1,0,1,1,38386,0,0,0,0,0
SEND: Jr7C:ZZBK,38,1,0,1,1,39425,0,0,0,0,0
SEND: VkUf:ZZBK,39,1,0,1,1,40464,0,0,0,0,0
SEND: qmCS:ZZBK,40,1,0,1,1,41503,0,0,0,0,0
SEND: z1Kv:ZZBK,41,1,0,1,1,42542,0,0,0,0,0
SEND: yPg4:ZZBK,42,1,0,1,1,43581,0,0,0,0,0
SEND: ExLQ:ZZBK,43,1,0,1,1,44620,0,0,0,0,0
SEND: A56j:ZZBK,44,1,0,1,1,45659,0,0,0,0,0
SEND: jdTa:ZZBK,45,1,0,1,1,46698,0,0,0,0,0
SEND: b2nY:ZZBK,46,1,0,1,1,47737,0,0,0,0,0
SEND: ab7D:ZZBK,47,1,0,1,1,48776,0,0,0,0,0
SEND: yLqm:ZZBK,48,1,0,1,1,49815,0,0,0,0,0
SEND: SPoW:ZZBK,49,1,0,1,1,50854,0,0,0,0,0
SEND: GEsv:ZZBK,50,1,0,1,1,51893,0,0,0,0,0
SEND: AL3P:ZZBK,51,1,0,1,1,52932,0,0,0,0,0
SEND: Bz4C:ZZBK,52,1,0,1,1,53971,0,0,0,0,0
SEND: WGQM:ZZBK,53,1,0,1,1,55010,0,0,0,0,0
SEND: sfso:ZZBK,54,1,0,1,1,56049,0,0,0,0,0
SEND: ZzLq:ZZBK,55,1,0,1,1,57088,0,0,0,0,0
SEND: TSgk:ZZBK,56,1,0,1,1,58127,0,0,0,0,0
SEND: IjK2:ZZBK,57,1,0,1,1,59166,0,0,0,0,0
SEND: Rset:ZZBK,58,1,0,1,1,60205,0,0,0,0,0
SEND: 8AmE:ZZBK,59,1,0,1,1,61244,0,0,0,0,0
SEND: eO4Q:ZZBK,60,1,0,1,1,62283,0,0,0,0,0
SEND: WhGq:ZZBK,61,1,0,1,1,63322,0,0,0,0,0
SEND: Jt48:ZZBK,62,1,0,1,1,64361,0,0,0,0,0
SEND: VXMi:ZZBK,63,1,0,1,1,65400,0,0,0,0,0
SEND: BI44:ZZBK,64,1,0,1,1,66439,0,0,0,0,0
SEND: Qe2d:ZZBK,65,1,0,1,1,67478,0,0,0,0,0
SEND: mVIJ:ZZBK,66,1,0,1,1,68517,0,0,0,0,0
SEND: vL2i:ZZBK,67,1,0,1,1,69556,0,0,0,0,0
SEND: hGpU:ZZBK,68,1,0,1,1,70595,0,0,0,0,0
SEND: ZKui:ZZBK,69,1,0,1,1,71634,0,0,0,0,0
SEND: P50v:ZZBK,70,1,0,1,1,72673,0,0,0,0,0
SEND: 3EPX:ZZBK,71,1,0,1,1,73712,0,0,0,0,0
SEND: 8Yr5:ZZBK,72,1,0,1,1,74751,0,0,0,0,0
SEND: zjhL:ZZBK,73,1,0,1,1,75790,0,0,0,0,0
SEND: ICAY:ZZBK,74,1,0,1,1,76829,0,0,0,0,0
SEND: zLUq:ZZBK,75,1,0,1,1,77868,0,0,0,0,0
SEND: 3lcT:ZZBK,76,1,0,1,1,78907,0,0,0,0,0
SEND: SLFB:ZZBK,77,1,0,1,1,79946,0,0,0,0,0
SEND: 24ea:ZZBK,78,1,0,1,1,80985,0,0,0,0,0
SEND: 76m2:ZZBK,79,1,0,1,1,82024,0,0,0,0,0
SEND: lpVG:ZZBK,80,1,0,1,1,83063,0,0,0,0,0
SEND: LaB3:ZZBK,81,1,0,1,1,84102,0,0,0,0,0
SEND: yQa8:ZZBK,82,1,0,1,1,85141,0,0,0,0,0
SEND: TDff:ZZBK,83,1,0,1,1,86180,0,0,0,0,0
SEND: KPQk:ZZBK,84,1,0,1,1,87219,0,0,0,0,0
SEND: 1PoP:ZZBK,85,1,0,1,1,88258,0,0,0,0,0
SEND: eyMp:ZZBK,86,1,0,1,1,89297,0,0,0,0,0
SEND: DhR9:ZZBK,87,1,0,1,1,90336,0,0,0,0,0
SEND: ibtl:ZZBK,88,1,0,1,1,91375,0,0,0,0,0
SEND: Yxih:ZZBK,89,1,0,1,1,92414,0,0,0,0,0
SEND: GLrF:ZZBK,90,1,0,1,1,93453,0,0,0,0,0
SEND: tvz4:ZZBK,91,1,0,1,1,94492,0,0,0,0,0
SEND: JUnl:ZZBK,92,1,0,1,1,95531,0,0,0,0,0
SEND: 49NW:ZZBK,93,1,0,1,1,96570,0,0,0,0,0
SEND: rdVt:ZZBK,94,1,0,1,1,97609,0,0,0,0,0
SEND: ea9z:ZZBK,95,1,0,1,1,98648,0,0,0,0,0
SEND: 7qR8:ZZBK,96,1,0,1,1,99687,0,0,0,0,0
SEND: 1iY2:ZZBK,97,1,0,1,1,100726,0,0,0,0,0
SEND: Wv6y:ZZBK,98,1,0,1,1,101765,0,0,0,0,0
SEND: O87U:ZZBK,99,1,0,1,1,102804,0,0,0,0,0
SEND: 5G1p:ZZBK,100,1,0,1,1,103843,0,0,0,0,0
SEND: onJf:ZZBK,101,1,0,1,1,104882,0,0,0,0,0
SEND: QKbt:ZZBK,102,1,0,1,1,105921,0,0,0,0,0
SEND: zAEu:ZZBK,103,1,0,1,1,106960,0,0,0,0,0
