SEND: to6Y:ZZBM,9,1,0,1,1,9992,0,0,0,0,0
SEND: EUgh:ZZBM,10,1,0,1,1,11116,0,0,0,0,0
SEND: 8nyc:ZZBM,11,1,0,1,1,12240,0,0,0,0,0
SEND: dbIk:ZZBM,12,1,0,1,1,13364,0,0,0,0,0
SEND: qvii:ZZBM,13,1,0,1,1,14488,0,0,0,0,0
SEND: Xk8g:ZZBM,14,1,0,1,1,15612,0,0,0,0,0
SEND: oFIC:ZZBM,15,1,0,1,1,16736,0,0,0,0,0
SEND: MWjM:ZZBM,16,1,0,1,1,17860,0,0,0,0,0
SEND: TLV2:ZZBM,17,1,0,1,1,18984,0,0,0,0,0
SEND: dKNo:ZZBM,18,1,0,1,1,20108,0,0,0,0,0
SEND: T2pb:ZZBM,19,1,0,1,1,21232,0,0,0,0,0
SEND: bjQI:ZZBM,20,1,0,1,1,22356,0,0,0,0,0
SEND: bRK0:ZZBM,21,1,0,1,1,23480,0,0,0,0,0
SEND: zShB:ZZBM,22,1,0,1,1,24604,0,0,0,0,0
SEND: 2RLN:ZZBM,23,1,0,1,1,25728,0,0,0,0,0
SEND: qU2D:ZZBM,24,1,0,1,1,26852,0,0,0,0,0
SEND: Be3x:ZZBM,25,1,0,1,1,27976,0,0,0,0,0
SEND: psm8:ZZBM,26,1,0,1,1,29100,0,0,0,0,0
SEND: TFEg:ZZBM,27,1,0,1,1,30224,0,0,0,0,0
SEND: ud5T:ZZBM,28,1,0,1,1,31348,0,0,0,0,0
SEND: 2LIT:ZZBM,29,1,0,1,1,32472,0,0,0,0,0
SEND: wRAf:ZZBM,30,1,0,1,1,33596,0,0,0,0,0
SEND: Pqon:ZZBM,31,1,0,1,1,34720,0,0,0,0,0
SEND: wkgw:ZZBM,32,1,0,1,1,35844,0,0,0,0,0
SEND: JmTZ:ZZBM,33,1,0,1,1,36968,0,0,0,0,0
SEND: 2tIT:ZZBM,34,1,0,1,1,38092,0,0,0,0,0
SEND: YVRQ:ZZBM,35,1,0,1,1,39216,0,0,0,0,0
SEND: 12nz:ZZBM,36,1,0,1,1,40340,0,0,0,0,0
SEND: wGrT:ZZBM,37,1,0,1,1,41464,0,0,0,0,0
SEND: jgxp:ZZBM,38,1,0,1,1,42588,0,0,0,0,0
SEND: kJ5i:ZZBM,39,1,0,1,1,43712,0,0,0,0,0
SEND: SksY:ZZBM,40,1,0,1,1,44836,0,0,0,0,0
SEND: wsXl:ZZBM,41,1,0,1,1,45960,0,0,0,0,0
SEND: sb6m:ZZBM,42,1,0,1,1,47084,0,0,0,0,0
SEND: sR7L:ZZBM,43,1,0,1,1,48208,0,0,0,0,0
SEND: 0WPY:ZZBM,44,1,0,1,1,49332,0,0,0,0,0
SEND: 4mDk:ZZBM,45,1,0,1,1,50456,0,0,0,0,0
SEND: m3xh:ZZBM,46,1,0,1,1,51580,0,0,0,0,0
SEND: Sr4I:ZZBM,47,1,0,1,1,52704,0,0,0,0,0
SEND: bsZ3:ZZBM,48,1,0,1,1,53828,0,0,0,0,0
SEND: F0Nv:ZZBM,49,1,0,1,1,54952,0,0,0,0,0
SEND: UmH5:ZZBM,50,1,0,1,1,56076,0,0,0,0,0
SEND: zidU:ZZBM,51,1,0,1,1,57200,0,0,0,0,0
SEND: G5A7:ZZBM,52,1,0,1,1,58324,0,0,0,0,0
SEND: Ng3x:ZZBM,53,1,0,1,1,59448,0,0,0,0,0
SEND: GH55:ZZBM,54,1,0,1,1,60572,0,0,0,0,0
SEND: vtDT:ZZBM,55,1,0,1,1,61696,0,0,0,0,0
SEND: 0VJP:ZZBM,56,1,0,1,1,62820,0,0,0,0,0
SEND: XxaF:ZZBM,57,1,0,1,1,63944,0,0,0,0,0
SEND: Vd6U:ZZBM,58,1,0,1,1,65068,0,0,0,0,0
SEND: 52e1:ZZBM,59,1,0,1,1,66192,0,0,0,0,0
SEND: KnZk:ZZBM,60,1,0,1,1,67316,0,0,0,0,0
SEND: Ocxg:ZZBM,61,1,0,1,1,68440,0,0,0,0,0
SEND: byB6:ZZBM,62,1,0,1,1,69564,0,0,0,0,0
SEND: 9rIK:ZZBM,63,1,0,1,1,70688,0,0,0,0,0
SEND: yYtR:ZZBM,64,1,0,1,1,71812,0,0,0,-3197792,11581609
SEND: tjgc:ZZBM,65,1,0,1,1,72967,0,0,0,-3197792,11581609
SEND: nHKg:ZZBM,66,1,0,1,1,74122,0,0,0,-3197791,11581608
SEND: CYRZ:ZZBM,67,1,0,1,1,75277,0,0,0,-3197791,11581608
SEND: poMJ:ZZBM,68,1,0,1,1,76432,0,0,0,-3197791,11581608
SEND: shVC:ZZBM,69,1,0,1,1,77587,0,0,0,-3197791,11581608
SEND: O8ld:ZZBM,70,1,0,1,1,78742,0,0,0,-3197787,11581603
SEND: LzKV:ZZBM,71,1,0,1,1,79897,0,0,0,-3197785,11581601
SEND: mBCN:ZZBM,72,1,0,1,1,81052,0,0,0,-3197785,11581601
SEND: EKoq:ZZBM,73,1,0,1,1,82207,0,0,0,-3197785,11581601
SEND: KXE0:ZZBM,74,1,0,1,1,83362,0,0,0,-3197785,11581601
SEND: meap:ZZBM,75,1,0,1,1,84517,0,0,0,-3197785,11581601
SEND: 02Bx:ZZBM,76,1,0,1,1,85672,0,0,0,-3197785,11581601
SEND: eTxy:ZZBM,77,1,0,1,1,86827,0,0,0,-3197785,11581601
SEND: YOVN:ZZBM,78,1,0,1,1,87982,0,0,0,-3197785,11581601
SEND: 1Akh:ZZBM,79,1,0,1,1,89137,0,0,0,-3197784,11581596
SEND: RjEw:ZZBM,80,1,0,1,1,90292,0,0,0,-3197792,11581607
SEND: C7Y0:ZZBM,81,1,0,1,1,91447,0,0,0,-3197795,11581609
SEND: FwIh:ZZBM,82,1,0,1,1,92602,0,0,0,-3197796,11581611
SEND: SagY:ZZBM,83,1,0,1,1,93757,0,0,0,-3197797,11581612
SEND: tOlh:ZZBM,84,1,0,1,1,94912,0,0,0,-3197798,11581615
SEND: Fyug:ZZBM,85,1,0,1,1,96067,0,0,0,-3197798,11581615
SEND: mWdK:ZZBM,86,1,0,1,1,97222,0,0,0,-3197795,11581612
SEND: RAlP:ZZBM,87,1,0,1,1,98377,0,0,0,-3197795,11581612
SEND: K3eG:ZZBM,88,1,0,1,1,99532,0,0,0,-3197795,11581612
SEND: rRPG:ZZBM,89,1,0,1,1,100687,0,0,0,-3197795,11581612
SEND: i6p1:ZZBM,90,1,0,1,1,101852,0,0,0,-3197795,11581612
SEND: DFYH:ZZBM,91,1,0,1,1,103017,0,0,0,-3197792,11581610
SEND: 1PXs:ZZBM,92,1,0,1,1,104182,0,0,0,-3197791,11581610
SEND: mRMi:ZZBM,93,1,0,1,1,105347,0,0,0,-3197791,11581610
SEND: O4py:ZZBM,94,1,0,1,1,106512,0,0,0,-3197791,11581610
SEND: eUGB:ZZBM,95,1,0,1,1,107677,0,0,0,-3197791,11581610
SEND: Cc9T:ZZBM,96,1,0,1,1,108842,0,0,0,-3197791,11581610
SEND: juXl:ZZBM,97,1,0,1,1,110007,0,0,0,-3197791,11581610
SEND: Q1xk:ZZBM,98,1,0,1,1,111172,0,0,0,-3197791,11581610
SEND: JL6O:ZZBM,99,1,0,1,1,112337,0,0,0,-3197791,11581610
SEND: LatL:ZZBM,100,1,0,1,1,113502,0,0,0,-3197791,11581610
SEND: 7fCu:ZZBM,101,1,0,1,1,114667,0,0,0,-3197791,11581610
SEND: fxC5:ZZBM,102,1,0,1,1,115832,0,0,0,-3197791,11581610
SEND: 9Mwl:ZZBM,103,1,0,1,1,116997,0,0,0,-3197791,11581610
SEND: kPRB:ZZBM,104,1,0,1,1,118162,0,0,0,-3197791,11581610
SEND: RUzh:ZZBM,105,1,0,1,1,119327,0,0,0,-3197791,11581610
SEND: hK5M:ZZBM,106,1,0,1,1,120492,0,0,0,-3197791,11581610
SEND: Qjzp:ZZBM,107,1,0,1,1,121657,0,0,0,-3197791,11581610
SEND: Y989:ZZBM,108,1,0,1,1,122822,0,0,0,-3197791,11581610
SEND: w41I:ZZBM,109,1,0,1,1,123987,0,0,0,-3197791,11581610
SEND: 0bAZ:ZZBM,110,1,0,1,1,125152,0,0,0,-3197791,11581610
SEND: 9Rl0:ZZBM,111,1,0,1,1,126317,0,0,0,-3197791,11581610
SEND: 2aHm:ZZBM,112,1,0,1,1,127482,0,0,0,-3197791,11581610
SEND: VfZg:ZZBM,113,1,0,1,1,128647,0,0,0,-3197791,11581610
SEND: HMFL:ZZBM,114,1,0,1,1,129812,0,0,0,-3197791,11581610
SEND: EoNG:ZZBM,115,1,0,1,1,130977,0,0,0,-3197791,11581610
SEND: Fjwc:ZZBM,116,1,0,1,1,132142,0,0,0,-3197791,11581610
SEND: cEdu:ZZBM,117,1,0,1,1,133307,0,0,0,-3197791,11581610
SEND: h6wj:ZZBM,118,1,0,1,1,134472,0,0,0,-3197791,11581610
SEND: Sq5d:ZZBM,119,1,0,1,1,135637,0,0,0,-3197791,11581610
SEND: lD4b:ZZBM,120,1,0,1,1,136802,0,0,0,-3197791,11581610
SEND: 3NvC:ZZBM,121,1,0,1,1,137967,0,0,0,-3197791,11581610
SEND: mF1c:ZZBM,122,1,0,1,1,139132,0,0,0,-3197791,11581610
SEND: v0rS:ZZBM,123,1,0,1,1,140297,0,0,0,-3197791,11581610
SEND: 5AfB:ZZBM,124,1,0,1,1,141462,0,0,0,-3197791,11581610
SEND: I2Ab:ZZBM,125,1,0,1,1,142627,0,0,0,-3197791,11581610
