SEND: zlJP:ZZBN,6,1,0,1,1,7197,0,0,0,-3197776,11581602
SEND: NoSY:ZZBN,7,1,0,1,1,8486,0,0,0,-3197777,11581604
SEND: Ofvx:ZZBN,8,1,0,1,1,9775,0,0,0,-3197776,11581605
SEND: vwyO:ZZBN,9,1,0,1,1,11064,0,0,0,-3197776,11581605
SEND: kikZ:ZZBN,10,1,0,1,1,12353,0,0,0,-3197775,11581605
SEND: xIVI:ZZBN,11,1,0,1,1,13642,0,0,0,-3197774,11581604
SEND: Cfrw:ZZBN,12,1,0,1,1,14931,0,0,0,-3197773,11581605
SEND: YiFo:ZZBN,13,1,0,1,1,16220,0,0,0,-3197773,11581605
SEND: lNhS:ZZBN,14,1,0,1,1,17509,0,0,0,-3197774,11581603
SEND: awFr:ZZBN,15,1,0,1,1,18798,0,0,0,-3197776,11581604
SEND: FFkg:ZZBN,16,1,0,1,1,20087,0,0,0,-3197776,11581604
SEND: XUYI:ZZBN,17,1,0,1,1,21376,0,0,0,-3197777,11581604
SEND: o8I5:ZZBN,18,1,0,1,1,22665,0,0,0,-3197777,11581604
SEND: xCIJ:ZZBN,19,1,0,1,1,23954,0,0,0,-3197777,11581604
SEND: w8n4:ZZBN,20,1,0,1,1,25243,0,0,0,-3197777,11581604
SEND: pjhH:ZZBN,21,1,0,1,1,26532,0,0,0,-3197777,11581604
SEND: sjhb:ZZBN,22,1,0,1,1,27821,0,0,0,-3197777,11581604
SEND: U5iy:ZZBN,23,1,0,1,1,29110,0,0,0,-3197777,11581604
SEND: 81z3:ZZBN,24,1,0,1,1,30399,0,0,0,-3197777,11581604
SEND: BZBs:ZZBN,25,1,0,1,1,31688,0,0,0,-3197777,11581604
SEND: uPea:ZZBN,26,1,0,1,1,32977,0,0,0,-3197777,11581604
SEND: erJM:ZZBN,27,1,0,1,1,34266,0,0,0,-3197777,11581604
SEND: twiQ:ZZBN,28,1,0,1,1,35555,0,0,0,-3197777,11581604
SEND: GIUj:ZZBN,29,1,0,1,1,36844,0,0,0,-3197777,11581604
SEND: fpui:ZZBN,30,1,0,1,1,38133,0,0,0,-3197777,11581604
SEND: aVKe:ZZBN,31,1,0,1,1,39422,0,0,0,-3197777,11581604
SEND: Ihnx:ZZBN,32,1,0,1,1,40711,0,0,0,-3197777,11581604
SEND: GTbh:ZZBN,33,1,0,1,1,42000,0,0,0,-3197779,11581600
SEND: pWy3:ZZBN,34,1,0,1,1,43289,0,0,0,-3197779,11581600
SEND: 0hVd:ZZBN,35,1,0,1,1,44578,0,0,0,-3197779,11581600
SEND: 3UuI:ZZBN,36,1,0,1,1,45867,0,0,0,-3197779,11581600
SEND: BRUl:ZZBN,37,1,0,1,1,47156,0,0,0,-3197779,11581600
SEND: 8q6x:ZZBN,38,1,0,1,1,48445,0,0,0,-3197779,11581600
SEND: ULfa:ZZBN,39,1,0,1,1,49734,0,0,0,-3197783,11581602
SEND: 6FB5:ZZBN,40,1,0,1,1,51023,0,0,0,-3197783,11581602
SEND: rWVr:ZZBN,41,1,0,1,1,52312,0,0,0,-3197783,11581602
SEND: w5U8:ZZBN,42,1,0,1,1,53601,0,0,0,-3197783,11581602
SEND: cFN1:ZZBN,43,1,0,1,1,54890,0,0,0,-3197783,11581602
SEND: UZaF:ZZBN,44,1,0,1,1,56179,0,0,0,-3197787,11581605
SEND: XoVL:ZZBN,45,1,0,1,1,57468,0,0,0,-3197789,11581607
SEND: i5ey:ZZBN,46,1,0,1,1,58757,0,0,0,-3197793,11581608
SEND: yy59:ZZBN,47,1,0,1,1,60046,0,0,0,-3197794,11581608
SEND: rhhF:ZZBN,48,1,0,1,1,61335,0,0,0,-3197792,11581608
SEND: IZAJ:ZZBN,49,1,0,1,1,62624,0,0,0,-3197793,11581610
SEND: K3Oj:ZZBN,50,1,0,1,1,63913,0,0,0,-3197793,11581610
SEND: Ll25:ZZBN,51,1,0,1,1,65202,0,0,0,-3197793,11581611
SEND: Rezl:ZZBN,52,1,0,1,1,66491,0,0,0,-3197794,11581612
SEND: YZw9:ZZBN,53,1,0,1,1,67780,0,0,0,-3197793,11581611
SEND: gL00:ZZBN,54,1,0,1,1,69069,0,0,0,-3197792,11581611
SEND: 3Asi:ZZBN,55,1,0,1,1,70358,0,0,0,-3197793,11581611
SEND: CIvT:ZZBN,56,1,0,1,1,71647,0,0,0,-3197793,11581611
SEND: xGxL:ZZBN,57,1,0,1,1,72936,0,0,0,-3197793,11581611
SEND: RMNy:ZZBN,58,1,0,1,1,74225,0,0,0,-3197793,11581611
SEND: QoCQ:ZZBN,59,1,0,1,1,75514,0,0,0,-3197793,11581611
SEND: u8KL:ZZBN,60,1,0,1,1,76803,0,0,0,-3197793,11581611
SEND: HV0f:ZZBN,61,1,0,1,1,78092,0,0,0,-3197793,11581611
SEND: eeyP:ZZBN,62,1,0,1,1,79381,0,0,0,-3197793,11581611
SEND: Sk6h:ZZBN,63,1,0,1,1,80670,0,0,0,-3197793,11581611
SEND: aB1X:ZZBN,64,1,0,1,1,81959,0,0,0,-3197793,11581611
SEND: ke53:ZZBN,65,1,0,1,1,83248,0,0,0,-3197793,11581611
SEND: 1Hrj:ZZBN,66,1,0,1,1,84537,0,0,0,-3197793,11581611
SEND: eCaD:ZZBN,67,1,0,1,1,85826,0,0,0,-3197793,11581611
SEND: YBGR:ZZBN,68,1,0,1,1,87115,0,0,0,-3197792,11581605
SEND: p7Z8:ZZBN,69,1,0,1,1,88404,0,0,0,-3197789,11581609
SEND: lJ0f:ZZBN,70,1,0,1,1,89693,0,0,0,-3197791,11581609
SEND: Qjgp:ZZBN,71,1,0,1,1,90982,0,0,0,-3197792,11581609
SEND: ccTW:ZZBN,72,1,0,1,1,92271,0,0,0,-3197792,11581609
SEND: Jt7f:ZZBN,73,1,0,1,1,93560,0,0,0,-3197792,11581609
SEND: hiZy:ZZBN,74,1,0,1,1,94849,0,0,0,-3197792,11581609
SEND: 5idh:ZZBN,75,1,0,1,1,96138,0,0,0,-3197792,11581609
SEND: GTGu:ZZBN,76,1,0,1,1,97427,0,0,0,-3197792,11581609
SEND: ZFiR:ZZBN,77,1,0,1,1,98716,0,0,0,-3197792,11581609
SEND: rNgn:ZZBN,78,1,0,1,1,100005,0,0,0,-3197792,11581609
SEND: XqpE:ZZBN,79,1,0,1,1,101294,0,0,0,-3197792,11581609
SEND: xBIB:ZZBN,80,1,0,1,1,102583,0,0,0,-3197792,11581609
SEND: M8nc:ZZBN,81,1,0,1,1,103872,0,0,0,-3197792,11581609
SEND: GAK5:ZZBN,82,1,0,1,1,105161,0,0,0,-3197792,11581609
SEND: 15I6:ZZBN,83,1,0,1,1,106450,0,0,0,-3197792,11581609
SEND: h45i:ZZBN,84,1,0,1,1,107739,0,0,0,-3197792,11581609
